rec_time,UTC,Pupil X,Pupil Y,Left Eye_Pupil X,Left Eye_Pupil Y,Left Eye_Pupil Area,Left Eye_Pupil Height,Left Eye_Pupil Width,Left Eye_Fixations_Fixations,Left Eye_Fixations_Fixations Duration,Left Eye_Saccades_Saccades,Left Eye_Saccades_Saccades Duration,Left Eye_Saccades_Saccades Angle,Right Eye_Pupil X,Right Eye_Pupil Y,Right Eye_Pupil Area,Right Eye_Pupil Height,Right Eye_Pupil Width,Right Eye_Fixations_Fixations,Right Eye_Fixations_Fixations Duration,Right Eye_Saccades_Saccades,Right Eye_Saccades_Saccades Duration,Right Eye_Saccades_Saccades Angle
00:11:58.330,1705283595998,167.98,143.953,149.691,148.591,612.126,29.145,26.755,0,0,1,0,0.0,186.269,139.314,663.718,30.499,27.723,0,0,1,0,0.0
00:11:58.346,1705283596014,176.578,141.166,157.993,146.192,639.223,30.098,27.055,0,0,1,0,0.0,195.164,136.139,630.333,29.885,26.869,0,0,1,0,0.0
00:11:58.363,1705283596031,180.868,140.049,161.293,145.435,694.309,32.141,27.519,1,0,0,83,17.802,200.443,134.664,656.221,30.697,27.232,0,0,1,0,0.0
00:11:58.380,1705283596048,180.611,139.987,160.863,145.467,697.247,31.695,28.024,1,0,0,0,0.0,200.359,134.508,674.799,31.127,27.616,1,0,0,84,19.262
00:11:58.396,1705283596064,180.737,140.036,160.705,145.665,684.849,31.383,27.799,1,0,0,0,0.0,200.769,134.407,656.993,30.396,27.535,1,0,0,0,0.0
00:11:58.413,1705283596081,180.575,140.276,160.587,145.718,678.524,31.25,27.66,1,0,0,0,0.0,200.563,134.834,657.426,30.695,27.284,1,0,0,0,0.0
00:11:58.430,1705283596098,180.527,140.15,160.382,145.735,664.512,30.934,27.365,1,0,0,0,0.0,200.671,134.565,659.486,30.454,27.586,1,0,0,0,0.0
00:11:58.446,1705283596114,180.709,140.217,160.464,145.728,659.964,30.951,27.162,1,0,0,0,0.0,200.954,134.706,654.852,30.16,27.66,1,0,0,0,0.0
00:11:58.463,1705283596131,181.085,140.469,160.56,145.941,651.563,30.919,26.845,1,0,0,0,0.0,201.609,134.997,614.148,29.307,26.695,1,0,0,0,0.0
00:11:58.480,1705283596148,180.886,140.121,160.548,145.738,649.214,30.794,26.857,1,0,0,0,0.0,201.223,134.505,645.413,30.274,27.158,1,0,0,0,0.0
00:11:58.496,1705283596164,181.048,140.042,160.579,145.758,648.967,30.595,27.021,1,0,0,0,0.0,201.517,134.326,625.023,30.174,26.387,1,0,0,0,0.0
00:11:58.513,1705283596181,181.004,140.071,160.709,145.682,642.018,30.552,26.769,1,0,0,0,0.0,201.3,134.461,643.213,30.257,27.081,1,0,0,0,0.0
00:11:58.530,1705283596198,180.818,140.137,160.117,145.676,638.63,30.404,26.758,1,0,0,0,0.0,201.518,134.598,633.414,29.906,26.981,1,0,0,0,0.0
00:11:58.546,1705283596214,178.121,139.473,157.256,144.979,637.504,30.48,26.644,1,0,0,0,0.0,198.985,133.968,627.639,30.053,26.604,1,0,0,0,0.0
00:11:58.563,1705283596231,177.299,139.062,157.009,144.753,637.303,30.425,26.683,1,0,0,0,0.0,197.589,133.371,640.559,30.466,26.784,1,0,0,0,0.0
00:11:58.580,1705283596248,177.401,138.951,157.038,144.736,628.685,30.252,26.473,1,0,0,0,0.0,197.765,133.165,636.192,30.111,26.915,1,0,0,0,0.0
00:11:58.596,1705283596264,177.378,138.953,157.03,144.718,622.332,30.226,26.228,1,0,0,0,0.0,197.727,133.187,636.66,30.076,26.966,1,0,0,0,0.0
00:11:58.613,1705283596281,177.443,138.897,157.029,144.599,623.299,30.231,26.265,1,0,0,0,0.0,197.857,133.195,636.786,30.185,26.874,1,0,0,0,0.0
00:11:58.630,1705283596298,177.372,138.72,156.931,144.418,620.833,30.082,26.29,1,0,0,0,0.0,197.812,133.022,642.739,30.304,27.019,1,0,0,0,0.0
00:11:58.646,1705283596314,177.347,138.46,156.696,144.094,616.141,30.076,26.097,1,0,0,0,0.0,197.997,132.826,634.786,30.111,26.856,1,0,0,0,0.0
00:11:58.663,1705283596331,177.146,138.125,156.254,143.805,583.371,29.94,24.821,1,0,0,0,0.0,198.039,132.444,630.506,30.25,26.551,1,0,0,0,0.0
00:11:58.680,1705283596348,161.051,141.867,0.0,0.0,0.0,0.0,0.0,0,317,0,0,0.0,198.046,131.737,629.674,30.178,26.58,1,0,0,0,0.0
00:11:58.696,1705283596364,0.0,0.0,0.0,0.0,0.0,0.0,0.0,0,0,0,0,0.0,0.0,0.0,0.0,0.0,0.0,0,316,0,0,0.0
00:11:58.713,1705283596381,0.0,0.0,0.0,0.0,0.0,0.0,0.0,0,0,0,0,0.0,0.0,0.0,0.0,0.0,0.0,0,0,0,0,0.0
00:11:58.730,1705283596398,0.0,0.0,0.0,0.0,0.0,0.0,0.0,0,0,0,0,0.0,0.0,0.0,0.0,0.0,0.0,0,0,0,0,0.0
00:11:58.746,1705283596414,0.0,0.0,0.0,0.0,0.0,0.0,0.0,0,0,0,0,0.0,0.0,0.0,0.0,0.0,0.0,0,0,0,0,0.0
00:11:58.763,1705283596431,0.0,0.0,0.0,0.0,0.0,0.0,0.0,0,0,0,0,0.0,0.0,0.0,0.0,0.0,0.0,0,0,0,0,0.0
00:11:58.780,1705283596448,89.4,166.561,0.0,0.0,0.0,0.0,0.0,0,0,0,0,0.0,125.44,156.156,324.147,20.98,19.682,0,0,0,0,0.0
00:11:58.796,1705283596464,88.622,164.362,0.0,0.0,0.0,0.0,0.0,0,0,0,0,0.0,124.662,153.956,246.097,18.06,17.359,1,0,0,0,0.0
00:11:58.813,1705283596481,118.631,159.851,0.0,0.0,0.0,0.0,0.0,0,0,0,0,0.0,154.671,149.446,607.379,30.043,25.754,0,17,1,0,0.0
00:11:58.830,1705283596498,118.499,160.231,0.0,0.0,0.0,0.0,0.0,0,0,0,0,0.0,154.539,149.825,625.941,30.733,25.945,1,0,0,17,12.138
00:11:58.846,1705283596514,118.737,160.334,0.0,0.0,0.0,0.0,0.0,0,0,0,0,0.0,154.777,149.929,640.429,31.065,26.262,1,0,0,0,0.0
00:11:58.863,1705283596531,118.836,160.443,0.0,0.0,0.0,0.0,0.0,0,0,0,0,0.0,154.876,150.037,643.506,31.047,26.403,1,0,0,0,0.0
00:11:58.880,1705283596548,118.967,160.501,0.0,0.0,0.0,0.0,0.0,0,0,0,0,0.0,155.007,150.095,657.744,31.32,26.752,1,0,0,0,0.0
00:11:58.896,1705283596564,119.16,160.43,0.0,0.0,0.0,0.0,0.0,0,0,0,0,0.0,155.2,150.025,659.164,31.268,26.854,1,0,0,0,0.0
00:11:58.913,1705283596581,119.025,160.314,0.0,0.0,0.0,0.0,0.0,0,0,0,0,0.0,155.065,149.909,664.131,31.768,26.632,1,0,0,0,0.0
00:11:58.930,1705283596598,119.214,160.386,0.0,0.0,0.0,0.0,0.0,0,0,0,0,0.0,155.254,149.981,667.275,31.659,26.849,1,0,0,0,0.0
00:11:58.946,1705283596614,119.195,160.288,0.0,0.0,0.0,0.0,0.0,0,0,0,0,0.0,155.235,149.883,677.515,31.985,26.984,1,0,0,0,0.0
00:11:58.963,1705283596631,119.233,160.204,0.0,0.0,0.0,0.0,0.0,0,0,0,0,0.0,155.273,149.798,683.909,32.126,27.119,1,0,0,0,0.0
00:11:58.980,1705283596648,134.548,156.301,113.836,162.647,627.591,30.631,26.1,0,0,0,0,0.0,155.26,149.956,691.632,31.928,27.595,1,0,0,0,0.0
00:11:58.996,1705283596664,134.417,156.101,113.678,162.543,625.876,30.769,25.912,1,0,0,0,0.0,155.156,149.659,693.944,32.39,27.292,1,0,0,0,0.0
00:11:59.013,1705283596681,134.438,156.236,113.622,162.527,639.292,30.91,26.347,1,0,0,0,0.0,155.255,149.945,698.714,32.152,27.683,1,0,0,0,0.0
00:11:59.030,1705283596698,134.377,156.171,113.679,162.584,646.737,31.013,26.565,1,0,0,0,0.0,155.075,149.758,697.027,32.586,27.249,1,0,0,0,0.0
00:11:59.046,1705283596714,134.231,156.082,113.306,162.604,651.983,31.182,26.636,1,0,0,0,0.0,155.155,149.559,705.621,33.153,27.113,1,0,0,0,0.0
00:11:59.063,1705283596731,133.8,155.943,113.07,162.375,657.711,31.519,26.583,1,0,0,0,0.0,154.53,149.512,715.122,32.886,27.701,1,0,0,0,0.0
00:11:59.080,1705283596748,134.132,155.864,113.381,162.28,666.081,31.446,26.983,1,0,0,0,0.0,154.882,149.447,723.718,33.194,27.774,1,0,0,0,0.0
00:11:59.096,1705283596764,134.402,155.806,113.654,162.182,681.712,31.699,27.396,1,0,0,0,0.0,155.15,149.43,733.746,33.213,28.143,1,0,0,0,0.0
00:11:59.113,1705283596781,134.575,155.718,113.801,162.292,689.867,32.091,27.385,1,0,0,0,0.0,155.349,149.145,733.654,33.541,27.864,1,0,0,0,0.0
00:11:59.130,1705283596798,134.878,155.694,114.057,162.27,699.771,32.196,27.687,1,0,0,0,0.0,155.699,149.118,741.835,33.474,28.232,1,0,0,0,0.0
00:11:59.146,1705283596814,135.215,155.689,114.263,162.189,704.592,32.144,27.923,1,0,0,0,0.0,156.167,149.19,762.038,33.381,29.081,1,0,0,0,0.0
00:11:59.163,1705283596831,135.42,155.566,114.501,162.017,712.605,32.345,28.066,1,0,0,0,0.0,156.339,149.116,759.916,33.544,28.859,1,0,0,0,0.0
00:11:59.180,1705283596848,135.629,155.506,114.776,162.112,723.211,32.613,28.249,1,0,0,0,0.0,156.481,148.9,761.099,34.115,28.42,1,0,0,0,0.0
00:11:59.196,1705283596864,135.627,155.481,114.655,162.173,722.721,32.961,27.932,1,0,0,0,0.0,156.599,148.788,754.361,34.194,28.103,1,0,0,0,0.0
00:11:59.213,1705283596881,136.021,155.556,115.016,162.218,737.241,32.915,28.533,1,0,0,0,0.0,157.027,148.895,768.306,33.835,28.926,1,0,0,0,0.0
00:11:59.230,1705283596898,136.079,155.498,115.006,162.163,735.181,32.919,28.45,1,0,0,0,0.0,157.153,148.833,774.824,34.208,28.854,1,0,0,0,0.0
00:11:59.246,1705283596914,136.332,155.504,115.17,162.182,742.242,33.14,28.532,1,0,0,0,0.0,157.493,148.826,773.495,33.138,29.734,1,0,0,0,0.0
00:11:59.263,1705283596931,136.51,155.684,115.393,162.293,749.537,33.144,28.809,1,0,0,0,0.0,157.626,149.075,787.341,33.758,29.711,1,0,0,0,0.0
00:11:59.280,1705283596948,136.665,155.762,115.466,162.353,746.917,33.186,28.671,1,0,0,0,0.0,157.864,149.172,788.26,33.476,29.996,1,0,0,0,0.0
00:11:59.296,1705283596964,136.729,155.839,115.574,162.443,751.827,33.198,28.849,1,0,0,0,0.0,157.883,149.234,791.419,33.758,29.865,1,0,0,0,0.0
00:11:59.313,1705283596981,136.854,155.807,115.661,162.362,749.082,33.235,28.712,1,0,0,0,0.0,158.048,149.253,789.036,33.623,29.894,1,0,0,0,0.0
00:11:59.330,1705283596998,136.909,155.844,115.651,162.344,753.327,33.358,28.768,1,0,0,0,0.0,158.167,149.343,789.998,33.611,29.941,1,0,0,0,0.0
00:11:59.346,1705283597014,136.944,155.878,115.723,162.392,749.961,33.082,28.879,1,0,0,0,0.0,158.166,149.365,791.77,33.502,30.106,1,0,0,0,0.0
00:11:59.363,1705283597031,136.871,155.903,115.664,162.426,752.368,33.257,28.819,1,0,0,0,0.0,158.078,149.38,788.729,33.67,29.841,1,0,0,0,0.0
00:11:59.380,1705283597048,136.839,155.871,115.704,162.385,743.419,32.98,28.716,1,0,0,0,0.0,157.974,149.356,786.669,33.556,29.864,1,0,0,0,0.0
00:11:59.396,1705283597064,136.714,155.888,115.705,162.561,745.77,33.012,28.778,1,0,0,0,0.0,157.722,149.215,778.15,33.91,29.233,1,0,0,0,0.0
00:11:59.413,1705283597081,136.801,155.984,115.64,162.371,743.435,32.902,28.784,1,0,0,0,0.0,157.962,149.597,787.058,33.391,30.026,1,0,0,0,0.0
00:11:59.430,1705283597098,136.671,155.915,115.632,162.549,740.859,32.897,28.688,1,0,0,0,0.0,157.71,149.281,767.816,33.239,29.426,1,0,0,0,0.0
00:11:59.446,1705283597114,136.769,155.967,115.696,162.293,740.945,32.914,28.677,1,0,0,0,0.0,157.843,149.641,772.435,32.879,29.928,1,0,0,0,0.0
00:11:59.463,1705283597131,136.683,155.946,115.665,162.514,731.346,32.714,28.478,1,0,0,0,0.0,157.7,149.378,767.794,33.325,29.35,1,0,0,0,0.0
00:11:59.480,1705283597148,136.624,155.781,115.591,162.283,727.444,32.62,28.408,1,0,0,0,0.0,157.658,149.278,759.373,33.194,29.142,1,0,0,0,0.0
00:11:59.496,1705283597164,136.698,155.931,115.612,162.349,721.759,32.511,28.281,1,0,0,0,0.0,157.784,149.514,771.186,33.024,29.748,1,0,0,0,0.0
00:11:59.513,1705283597181,136.646,155.925,115.499,162.285,720.872,32.508,28.249,1,0,0,0,0.0,157.793,149.565,758.387,32.789,29.464,1,0,0,0,0.0
00:11:59.530,1705283597198,136.476,155.787,115.45,162.445,717.361,32.534,28.089,1,0,0,0,0.0,157.503,149.128,729.406,32.673,28.439,1,0,0,0,0.0
00:11:59.546,1705283597214,136.638,155.828,115.588,162.129,709.106,32.07,28.167,1,0,0,0,0.0,157.689,149.527,742.033,32.662,28.941,1,0,0,0,0.0
00:11:59.563,1705283597231,136.585,155.96,115.537,162.403,708.31,32.134,28.08,1,0,0,0,0.0,157.633,149.516,737.829,32.797,28.658,1,0,0,0,0.0
00:11:59.580,1705283597248,136.633,155.912,115.61,162.192,704.544,31.964,28.079,1,0,0,0,0.0,157.656,149.631,731.593,32.369,28.792,1,0,0,0,0.0
00:11:59.596,1705283597264,136.574,155.855,115.561,162.242,698.181,31.809,27.961,1,0,0,0,0.0,157.587,149.469,716.1,32.272,28.267,1,0,0,0,0.0
00:11:59.613,1705283597281,136.393,155.825,115.447,162.242,691.449,31.62,27.857,1,0,0,0,0.0,157.339,149.407,701.027,32.207,27.728,1,0,0,0,0.0
00:11:59.630,1705283597298,136.545,155.741,115.408,161.988,682.463,31.818,27.324,1,0,0,0,0.0,157.682,149.495,716.704,32.1,28.443,1,0,0,0,0.0
00:11:59.646,1705283597314,136.511,155.769,115.565,162.162,685.737,31.621,27.626,1,0,0,0,0.0,157.456,149.375,700.207,32.217,27.687,1,0,0,0,0.0
00:11:59.663,1705283597331,136.648,155.813,115.644,162.153,683.484,31.575,27.575,1,0,0,0,0.0,157.653,149.473,702.147,31.741,28.18,1,0,0,0,0.0
00:11:59.680,1705283597348,136.43,155.661,115.541,162.039,669.428,31.265,27.275,1,0,0,0,0.0,157.319,149.282,679.595,31.932,27.111,1,0,0,0,0.0
00:11:59.696,1705283597364,136.5,155.562,115.499,162.015,663.615,31.234,27.065,1,0,0,0,0.0,157.5,149.11,687.117,31.919,27.423,1,0,0,0,0.0
00:11:59.713,1705283597381,136.697,155.54,115.851,161.886,661.808,31.152,27.063,1,0,0,0,0.0,157.542,149.194,679.195,31.736,27.263,1,0,0,0,0.0
00:11:59.730,1705283597398,136.556,155.405,115.636,161.839,660.508,31.175,26.99,1,0,0,0,0.0,157.477,148.971,677.153,31.919,27.025,1,0,0,0,0.0
00:11:59.746,1705283597414,136.586,155.554,115.632,161.934,650.097,30.51,27.144,1,0,0,0,0.0,157.54,149.173,675.279,31.591,27.23,1,0,0,0,0.0
00:11:59.763,1705283597431,136.556,155.399,115.643,161.779,656.293,30.947,27.015,1,0,0,0,0.0,157.469,149.02,668.738,31.583,26.973,1,0,0,0,0.0
00:11:59.780,1705283597448,136.6,155.41,115.725,161.803,655.377,30.948,26.977,1,0,0,0,0.0,157.475,149.017,666.524,31.512,26.944,1,0,0,0,0.0
00:11:59.796,1705283597464,136.576,155.394,115.704,161.733,648.522,30.823,26.803,1,0,0,0,0.0,157.448,149.055,658.723,31.339,26.776,1,0,0,0,0.0
00:11:59.813,1705283597481,136.626,155.516,115.708,161.816,645.195,30.492,26.955,1,0,0,0,0.0,157.543,149.216,656.344,30.559,27.36,1,0,0,0,0.0
00:11:59.830,1705283597498,136.51,155.452,115.602,161.778,643.664,30.681,26.725,1,0,0,0,0.0,157.417,149.125,655.197,31.244,26.713,1,0,0,0,0.0
00:11:59.846,1705283597514,136.5,155.42,115.622,161.769,636.443,30.362,26.703,1,0,0,0,0.0,157.378,149.071,650.246,31.199,26.55,1,0,0,0,0.0
00:11:59.863,1705283597531,136.501,155.456,115.632,161.739,637.653,30.49,26.641,1,0,0,0,0.0,157.37,149.173,654.575,31.218,26.71,1,0,0,0,0.0
00:11:59.880,1705283597548,136.458,155.442,115.556,161.784,636.3,30.501,26.575,1,0,0,0,0.0,157.36,149.099,651.309,31.046,26.724,1,0,0,0,0.0
00:11:59.896,1705283597564,136.458,155.472,115.619,161.758,630.56,30.438,26.39,1,0,0,0,0.0,157.298,149.186,653.694,31.221,26.672,1,0,0,0,0.0
00:11:59.913,1705283597581,136.415,155.524,115.571,161.812,627.867,30.249,26.442,1,0,0,0,0.0,157.259,149.236,650.597,31.111,26.639,1,0,0,0,0.0
00:11:59.930,1705283597598,136.351,155.436,115.514,161.774,629.719,30.249,26.52,1,0,0,0,0.0,157.188,149.098,644.374,31.209,26.302,1,0,0,0,0.0
00:11:59.946,1705283597614,136.324,155.508,115.546,161.781,636.517,30.405,26.668,1,0,0,0,0.0,157.101,149.234,644.318,30.906,26.558,1,0,0,0,0.0
00:11:59.963,1705283597631,136.207,155.574,115.388,161.858,623.719,30.072,26.421,1,0,0,0,0.0,157.026,149.29,637.694,30.715,26.448,1,0,0,0,0.0
00:11:59.980,1705283597648,136.22,155.57,115.467,161.89,628.683,30.36,26.379,1,0,0,0,0.0,156.973,149.25,637.823,31.083,26.14,1,0,0,0,0.0
00:11:59.996,1705283597664,136.167,155.604,115.337,161.797,627.175,30.136,26.512,1,0,0,0,0.0,156.997,149.411,637.49,30.93,26.256,1,0,0,0,0.0
00:12:00.013,1705283597681,136.163,155.612,115.332,161.863,627.276,30.21,26.451,1,0,0,0,0.0,156.994,149.361,637.156,30.842,26.317,1,0,0,0,0.0
00:12:00.030,1705283597698,136.136,155.647,115.365,161.942,626.873,30.117,26.516,1,0,0,0,0.0,156.907,149.352,634.456,30.783,26.255,1,0,0,0,0.0
00:12:00.046,1705283597714,136.041,155.765,115.232,162.131,626.861,29.92,26.689,1,0,0,0,0.0,156.849,149.399,631.167,30.731,26.164,1,0,0,0,0.0
00:12:00.063,1705283597731,136.141,155.837,115.411,162.112,623.599,30.165,26.335,1,0,0,0,0.0,156.87,149.562,630.378,30.523,26.309,1,0,0,0,0.0
00:12:00.080,1705283597748,136.086,155.772,115.221,162.053,621.61,30.099,26.308,1,0,0,0,0.0,156.952,149.491,630.877,30.529,26.324,1,0,0,0,0.0
00:12:00.096,1705283597764,136.125,155.785,115.321,162.153,625.46,30.075,26.492,1,0,0,0,0.0,156.928,149.416,633.508,30.849,26.16,1,0,0,0,0.0
00:12:00.113,1705283597781,136.09,155.756,115.279,161.983,617.388,30.011,26.206,1,0,0,0,0.0,156.901,149.529,627.101,30.594,26.111,1,0,0,0,0.0
00:12:00.130,1705283597798,137.134,155.395,116.887,161.358,592.571,29.262,25.797,1,0,0,0,0.0,157.382,149.433,626.851,30.637,26.064,1,0,0,0,0.0
00:12:00.146,1705283597814,144.919,152.813,126.327,157.523,550.883,28.626,24.515,0,1150,1,0,0.0,163.512,148.104,672.468,33.534,25.546,0,1316,1,0,0.0
00:12:00.163,1705283597831,157.965,147.718,139.514,152.435,575.904,28.491,25.749,0,0,1,0,0.0,176.416,143.002,586.475,28.987,25.774,0,0,1,0,0.0
00:12:00.180,1705283597848,168.085,143.92,149.747,148.628,574.027,28.581,25.585,0,0,1,0,0.0,186.422,139.213,595.813,29.548,25.687,0,0,1,0,0.0
00:12:00.196,1705283597864,176.725,141.667,157.873,146.799,647.036,30.619,26.92,0,0,1,0,0.0,195.577,136.535,603.715,29.087,26.44,0,0,1,0,0.0
00:12:00.213,1705283597881,179.473,140.691,159.793,146.185,691.762,31.93,27.598,1,0,0,67,18.125,199.152,135.197,650.286,30.814,26.883,1,0,0,67,16.323
00:12:00.230,1705283597898,179.214,140.746,159.317,146.5,688.206,31.473,27.856,1,0,0,0,0.0,199.112,134.992,660.883,30.635,27.482,1,0,0,0,0.0
00:12:00.246,1705283597914,179.231,140.709,159.284,146.31,690.999,31.671,27.794,1,0,0,0,0.0,199.179,135.108,653.4,30.481,27.308,1,0,0,0,0.0
00:12:00.263,1705283597931,179.022,140.838,159.003,146.544,692.508,31.786,27.754,1,0,0,0,0.0,199.041,135.132,656.386,30.469,27.443,1,0,0,0,0.0
00:12:00.280,1705283597948,179.015,140.874,158.823,146.493,692.703,31.79,27.758,1,0,0,0,0.0,199.208,135.254,650.971,30.466,27.219,1,0,0,0,0.0
00:12:00.296,1705283597964,178.989,140.946,158.733,146.581,690.784,31.879,27.604,1,0,0,0,0.0,199.246,135.311,662.895,30.59,27.606,1,0,0,0,0.0
00:12:00.313,1705283597981,178.87,140.826,158.588,146.47,684.506,31.621,27.576,1,0,0,0,0.0,199.151,135.181,655.915,30.587,27.317,1,0,0,0,0.0
00:12:00.330,1705283597998,178.955,140.974,158.539,146.617,681.102,31.678,27.39,1,0,0,0,0.0,199.37,135.33,655.246,30.32,27.53,1,0,0,0,0.0
00:12:00.346,1705283598014,178.984,140.953,158.467,146.539,676.811,31.409,27.45,1,0,0,0,0.0,199.501,135.367,641.592,30.403,26.883,1,0,0,0,0.0
00:12:00.363,1705283598031,178.863,140.91,158.432,146.552,669.802,31.313,27.249,1,0,0,0,0.0,199.294,135.268,642.141,30.386,26.921,1,0,0,0,0.0
00:12:00.380,1705283598048,178.848,140.903,158.392,146.554,658.879,31.058,27.024,1,0,0,0,0.0,199.304,135.253,639.771,30.289,26.907,1,0,0,0,0.0
00:12:00.396,1705283598064,178.837,140.777,158.32,146.415,654.618,31.07,26.84,1,0,0,0,0.0,199.354,135.139,630.583,30.085,26.701,1,0,0,0,0.0
00:12:00.413,1705283598081,179.025,140.818,158.528,146.557,647.447,30.696,26.869,1,0,0,0,0.0,199.522,135.079,625.715,29.958,26.607,1,0,0,0,0.0
00:12:00.430,1705283598098,178.812,140.795,158.295,146.418,641.411,30.606,26.697,1,0,0,0,0.0,199.329,135.173,616.885,29.807,26.365,1,0,0,0,0.0
00:12:00.446,1705283598114,178.987,140.886,158.358,146.535,633.398,30.338,26.596,1,0,0,0,0.0,199.616,135.238,603.208,29.218,26.3,1,0,0,0,0.0
00:12:00.463,1705283598131,178.833,140.801,158.183,146.424,621.875,30.168,26.26,1,0,0,0,0.0,199.483,135.178,605.093,29.336,26.275,1,0,0,0,0.0
00:12:00.480,1705283598148,178.784,140.961,158.137,146.676,616.859,30.027,26.17,1,0,0,0,0.0,199.432,135.247,604.868,29.135,26.447,1,0,0,0,0.0
00:12:00.496,1705283598164,178.872,140.906,158.185,146.566,614.762,29.928,26.167,1,0,0,0,0.0,199.56,135.246,588.241,29.086,25.764,1,0,0,0,0.0
00:12:00.513,1705283598181,178.8,140.866,158.141,146.46,605.682,29.752,25.934,1,0,0,0,0.0,199.46,135.273,590.206,28.891,26.024,1,0,0,0,0.0
00:12:00.530,1705283598198,178.844,140.677,158.135,146.486,607.499,29.917,25.867,1,0,0,0,0.0,199.553,134.868,572.93,28.864,25.286,1,0,0,0,0.0
00:12:00.546,1705283598214,178.739,140.823,158.104,146.451,610.81,29.838,26.077,1,0,0,0,0.0,199.373,135.194,590.415,28.965,25.967,1,0,0,0,0.0
00:12:00.563,1705283598231,178.606,140.836,157.999,146.384,604.302,29.801,25.832,1,0,0,0,0.0,199.213,135.287,600.823,29.258,26.159,1,0,0,0,0.0
00:12:00.580,1705283598248,178.699,140.536,157.919,145.994,599.102,29.594,25.788,1,0,0,0,0.0,199.479,135.078,598.159,29.06,26.222,1,0,0,0,0.0
00:12:00.596,1705283598264,178.643,140.14,157.523,145.59,590.997,29.451,25.563,1,0,0,0,0.0,199.763,134.69,580.112,28.754,25.701,1,0,0,0,0.0
00:12:00.613,1705283598281,176.674,140.866,153.792,146.936,389.076,25.33,19.567,1,0,0,0,0.0,199.556,134.797,552.545,28.914,24.344,1,0,0,0,0.0
00:12:00.630,1705283598298,160.096,151.7,0.0,0.0,0.0,0.0,0.0,0,417,0,0,0.0,197.091,141.571,139.188,18.499,9.585,0,417,1,0,0.0
00:12:00.646,1705283598314,0.0,0.0,0.0,0.0,0.0,0.0,0.0,0,0,0,0,0.0,0.0,0.0,0.0,0.0,0.0,0,0,0,16,2.723
00:12:00.663,1705283598331,0.0,0.0,0.0,0.0,0.0,0.0,0.0,0,0,0,0,0.0,0.0,0.0,0.0,0.0,0.0,0,0,0,0,0.0
00:12:00.680,1705283598348,0.0,0.0,0.0,0.0,0.0,0.0,0.0,0,0,0,0,0.0,0.0,0.0,0.0,0.0,0.0,0,0,0,0,0.0
00:12:00.696,1705283598364,122.115,158.605,0.0,0.0,0.0,0.0,0.0,0,0,0,0,0.0,158.155,148.2,355.243,24.098,18.779,0,0,0,0,0.0
00:12:00.713,1705283598381,137.581,157.433,117.186,164.234,367.438,25.42,18.413,0,0,0,0,0.0,157.977,150.632,439.921,26.632,21.043,1,0,0,0,0.0
00:12:00.730,1705283598398,137.343,155.133,117.407,161.187,525.656,27.693,24.181,1,0,0,0,0.0,157.279,149.08,555.096,28.64,24.69,1,0,0,0,0.0
00:12:00.746,1705283598414,137.745,154.861,117.654,160.79,542.29,28.138,24.551,1,0,0,0,0.0,157.836,148.933,574.547,29.471,24.835,1,0,0,0,0.0
00:12:00.763,1705283598431,137.794,155.119,117.609,161.157,546.751,28.281,24.628,1,0,0,0,0.0,157.979,149.081,582.119,29.598,25.054,1,0,0,0,0.0
00:12:00.780,1705283598448,137.767,155.213,117.532,161.237,553.172,28.448,24.771,1,0,0,0,0.0,158.001,149.19,582.292,29.482,25.16,1,0,0,0,0.0
00:12:00.796,1705283598464,137.75,155.199,117.426,161.243,550.06,28.253,24.801,1,0,0,0,0.0,158.074,149.155,588.538,29.504,25.411,1,0,0,0,0.0
00:12:00.813,1705283598481,137.62,155.243,117.26,161.387,550.002,28.259,24.793,1,0,0,0,0.0,157.98,149.098,584.968,29.673,25.113,1,0,0,0,0.0
00:12:00.830,1705283598498,137.663,155.348,117.303,161.518,554.915,28.254,25.019,1,0,0,0,0.0,158.022,149.177,594.117,29.81,25.389,1,0,0,0,0.0
00:12:00.846,1705283598514,137.507,155.346,117.013,161.503,551.133,28.461,24.668,1,0,0,0,0.0,158.001,149.188,597.166,29.749,25.571,1,0,0,0,0.0
00:12:00.863,1705283598531,137.532,155.309,117.068,161.47,561.786,28.646,24.983,1,0,0,0,0.0,157.996,149.147,600.707,29.827,25.656,1,0,0,0,0.0
00:12:00.880,1705283598548,137.525,155.522,117.052,161.619,575.936,28.901,25.386,1,0,0,0,0.0,157.998,149.425,600.568,29.919,25.571,1,0,0,0,0.0
00:12:00.896,1705283598564,137.482,155.598,117.0,161.874,572.003,28.856,25.252,1,0,0,0,0.0,157.963,149.321,600.726,29.926,25.572,1,0,0,0,0.0
00:12:00.913,1705283598581,137.513,155.586,116.992,161.734,583.559,29.019,25.617,1,0,0,0,0.0,158.034,149.437,612.072,30.323,25.713,1,0,0,0,0.0
00:12:00.930,1705283598598,137.428,155.592,116.919,161.718,584.097,29.247,25.441,1,0,0,0,0.0,157.936,149.465,609.153,30.145,25.742,1,0,0,0,0.0
00:12:00.946,1705283598614,137.246,155.699,116.531,161.896,594.857,29.503,25.684,1,0,0,0,0.0,157.961,149.502,622.771,30.429,26.072,1,0,0,0,0.0
00:12:00.963,1705283598631,136.695,155.925,116.285,162.112,588.955,29.24,25.659,1,0,0,0,0.0,157.104,149.739,622.649,30.491,26.014,1,0,0,0,0.0
00:12:00.980,1705283598648,136.66,156.012,116.229,162.172,601.879,29.319,26.151,1,0,0,0,0.0,157.092,149.852,626.476,30.573,26.103,1,0,0,0,0.0
00:12:00.996,1705283598664,136.685,156.038,116.194,162.357,608.346,29.795,26.01,1,0,0,0,0.0,157.177,149.719,639.516,30.973,26.303,1,0,0,0,0.0
00:12:01.013,1705283598681,136.723,155.959,116.222,162.134,619.386,29.788,26.488,1,0,0,0,0.0,157.224,149.783,649.626,31.162,26.556,1,0,0,0,0.0
00:12:01.030,1705283598698,136.76,155.985,116.242,162.15,629.722,30.118,26.635,1,0,0,0,0.0,157.277,149.82,656.139,31.279,26.723,1,0,0,0,0.0
00:12:01.046,1705283598714,136.669,156.014,116.084,162.179,632.647,30.442,26.474,1,0,0,0,0.0,157.253,149.849,656.366,31.337,26.682,1,0,0,0,0.0
00:12:01.063,1705283598731,136.798,155.926,116.28,162.211,640.868,30.517,26.752,1,0,0,0,0.0,157.315,149.641,667.106,31.585,26.905,1,0,0,0,0.0
00:12:01.080,1705283598748,136.864,155.869,116.359,162.053,646.17,30.551,26.943,1,0,0,0,0.0,157.369,149.685,678.655,32.025,26.995,1,0,0,0,0.0
00:12:01.096,1705283598764,136.877,155.853,116.296,162.014,652.631,30.519,27.241,1,0,0,0,0.0,157.459,149.691,680.541,31.861,27.21,1,0,0,0,0.0
00:12:01.113,1705283598781,136.851,155.869,116.279,162.089,656.409,30.803,27.147,1,0,0,0,0.0,157.423,149.649,677.049,31.91,27.029,1,0,0,0,0.0
00:12:01.130,1705283598798,136.888,155.9,116.243,161.975,661.318,31.005,27.171,1,0,0,0,0.0,157.533,149.825,686.443,31.7,27.585,1,0,0,0,0.0
00:12:01.146,1705283598814,137.038,155.799,116.37,161.949,670.598,31.062,27.502,1,0,0,0,0.0,157.706,149.648,700.852,32.147,27.773,1,0,0,0,0.0
00:12:01.163,1705283598831,136.942,155.653,116.37,162.035,692.03,31.624,27.877,1,0,0,0,0.0,157.513,149.272,695.57,32.302,27.431,1,0,0,0,0.0
00:12:01.180,1705283598848,137.167,156.013,116.41,161.939,679.826,31.256,27.707,1,0,0,0,0.0,157.923,150.087,715.929,31.522,28.933,1,0,0,0,0.0
00:12:01.196,1705283598864,136.992,155.908,116.275,162.159,689.696,31.562,27.838,1,0,0,0,0.0,157.71,149.657,714.012,32.37,28.099,1,0,0,0,0.0
00:12:01.213,1705283598881,137.044,155.887,116.344,162.013,697.774,31.667,28.069,1,0,0,0,0.0,157.744,149.761,720.742,32.547,28.21,1,0,0,0,0.0
00:12:01.230,1705283598898,137.217,155.934,116.418,162.063,704.042,31.92,28.098,1,0,0,0,0.0,158.015,149.805,747.865,32.73,29.108,1,0,0,0,0.0
00:12:01.246,1705283598914,137.236,155.91,116.417,162.009,711.747,31.845,28.472,1,0,0,0,0.0,158.056,149.811,741.997,32.568,29.023,1,0,0,0,0.0
00:12:01.263,1705283598931,137.194,155.925,116.379,162.086,716.432,32.062,28.466,1,0,0,0,0.0,158.008,149.765,747.146,32.898,28.931,1,0,0,0,0.0
00:12:01.280,1705283598948,137.219,155.84,116.357,161.959,709.937,31.882,28.366,1,0,0,0,0.0,158.081,149.721,752.095,32.843,29.171,1,0,0,0,0.0
00:12:01.296,1705283598964,137.363,155.875,116.486,161.975,720.898,32.176,28.541,1,0,0,0,0.0,158.24,149.776,764.295,33.053,29.456,1,0,0,0,0.0
00:12:01.313,1705283598981,137.365,155.968,116.475,162.111,734.847,32.489,28.813,1,0,0,0,0.0,158.255,149.824,762.945,33.044,29.412,1,0,0,0,0.0
00:12:01.330,1705283598998,137.359,155.861,116.552,161.993,733.966,32.476,28.79,1,0,0,0,0.0,158.166,149.73,764.919,33.197,29.352,1,0,0,0,0.0
00:12:01.346,1705283599014,137.311,155.927,116.413,162.151,736.071,32.453,28.893,1,0,0,0,0.0,158.208,149.702,769.646,33.276,29.464,1,0,0,0,0.0
00:12:01.363,1705283599031,137.349,155.899,116.445,162.096,737.573,32.55,28.865,1,0,0,0,0.0,158.252,149.703,777.226,33.367,29.673,1,0,0,0,0.0
00:12:01.380,1705283599048,137.183,155.751,116.284,161.841,735.172,32.635,28.697,1,0,0,0,0.0,158.081,149.661,764.432,33.439,29.121,1,0,0,0,0.0
00:12:01.396,1705283599064,137.256,155.868,116.432,162.075,736.263,32.402,28.946,1,0,0,0,0.0,158.081,149.661,764.432,33.439,29.121,1,0,0,0,0.0
00:12:01.413,1705283599081,137.399,155.822,116.471,161.928,734.909,32.447,28.853,1,0,0,0,0.0,158.326,149.717,781.288,33.453,29.752,1,0,0,0,0.0
00:12:01.430,1705283599098,137.286,155.878,116.299,162.119,732.163,32.401,28.786,1,0,0,0,0.0,158.272,149.637,777.724,33.392,29.67,1,0,0,0,0.0
00:12:01.446,1705283599114,137.324,155.789,116.375,161.942,729.566,32.479,28.615,1,0,0,0,0.0,158.272,149.637,777.724,33.392,29.67,1,0,0,0,0.0
00:12:01.463,1705283599131,137.223,155.771,116.183,161.868,716.424,32.336,28.224,1,0,0,0,0.0,158.264,149.675,769.026,33.307,29.413,1,0,0,0,0.0
00:12:01.480,1705283599148,137.358,155.843,116.384,161.996,718.789,32.191,28.444,1,0,0,0,0.0,158.331,149.69,775.943,33.389,29.604,1,0,0,0,0.0
00:12:01.496,1705283599164,137.077,156.072,115.823,162.454,713.949,32.191,28.253,1,0,0,0,0.0,158.331,149.69,775.943,33.389,29.604,1,0,0,0,0.0
00:12:01.513,1705283599181,136.211,156.198,115.592,162.453,707.776,31.992,28.183,1,0,0,0,0.0,156.83,149.944,739.514,33.369,28.232,1,0,0,0,0.0
00:12:01.530,1705283599198,136.365,156.303,115.559,162.477,700.514,31.866,28.004,1,0,0,0,0.0,157.171,150.13,739.905,32.874,28.672,1,0,0,0,0.0
00:12:01.546,1705283599214,136.478,156.211,115.785,162.292,690.909,31.305,28.115,1,0,0,0,0.0,157.171,150.13,739.905,32.874,28.672,1,0,0,0,0.0
00:12:01.563,1705283599231,136.455,156.188,115.676,162.458,693.414,31.543,28.004,1,0,0,0,0.0,157.234,149.917,733.175,32.806,28.469,1,0,0,0,0.0
00:12:01.580,1705283599248,136.407,156.285,115.751,162.438,688.012,31.46,27.859,1,0,0,0,0.0,157.063,150.132,716.533,32.455,28.124,1,0,0,0,0.0
00:12:01.596,1705283599264,136.387,156.297,115.712,162.462,685.889,31.28,27.933,1,0,0,0,0.0,157.063,150.132,716.533,32.455,28.124,1,0,0,0,0.0
00:12:01.613,1705283599281,136.388,155.935,115.724,162.446,686.241,31.238,27.985,1,0,0,0,0.0,157.051,149.424,708.81,33.123,27.261,1,0,0,0,0.0
00:12:01.630,1705283599298,136.634,156.224,115.788,162.437,686.358,31.383,27.86,1,0,0,0,0.0,157.479,150.011,720.97,32.212,28.512,1,0,0,0,0.0
00:12:01.646,1705283599314,136.649,156.181,115.818,162.351,677.258,31.199,27.653,1,0,0,0,0.0,157.479,150.011,720.97,32.212,28.512,1,0,0,0,0.0
00:12:01.663,1705283599331,136.554,156.161,115.79,162.393,673.611,31.172,27.528,1,0,0,0,0.0,157.318,149.93,703.685,32.185,27.852,1,0,0,0,0.0
00:12:01.680,1705283599348,136.534,156.099,115.817,162.318,681.148,31.373,27.658,1,0,0,0,0.0,157.251,149.88,696.829,32.275,27.504,1,0,0,0,0.0
00:12:01.696,1705283599364,136.603,156.044,115.954,162.208,666.006,30.875,27.479,1,0,0,0,0.0,157.251,149.88,696.829,32.275,27.504,1,0,0,0,0.0
00:12:01.713,1705283599381,136.649,156.038,115.837,162.197,670.116,30.955,27.577,1,0,0,0,0.0,157.46,149.879,707.397,32.269,27.926,1,0,0,0,0.0
00:12:01.730,1705283599398,136.611,156.007,115.922,162.347,662.217,30.732,27.45,1,0,0,0,0.0,157.301,149.668,686.765,32.266,27.114,1,0,0,0,0.0
00:12:01.746,1705283599414,136.554,155.992,115.808,162.317,656.161,30.712,27.217,1,0,0,0,0.0,157.301,149.668,686.765,32.266,27.114,1,0,0,0,0.0
00:12:01.763,1705283599431,136.681,156.037,115.975,162.409,658.12,30.838,27.186,1,0,0,0,0.0,157.388,149.665,689.917,32.255,27.248,1,0,0,0,0.0
00:12:01.780,1705283599448,136.685,156.11,115.871,162.306,659.066,30.937,27.138,1,0,0,0,0.0,157.499,149.915,687.996,31.825,27.539,1,0,0,0,0.0
00:12:01.796,1705283599464,136.728,156.122,115.957,162.33,650.292,30.539,27.126,1,0,0,0,0.0,157.499,149.915,687.996,31.825,27.539,1,0,0,0,0.0
00:12:01.813,1705283599481,136.714,156.052,115.932,162.368,646.009,30.511,26.972,1,0,0,0,0.0,157.495,149.737,683.011,32.009,27.182,1,0,0,0,0.0
00:12:01.830,1705283599498,136.701,156.065,115.929,162.314,651.834,30.682,27.063,1,0,0,0,0.0,157.473,149.816,681.825,31.931,27.201,1,0,0,0,0.0
00:12:01.846,1705283599514,136.675,156.112,115.877,162.409,642.811,30.451,26.892,1,0,0,0,0.0,157.473,149.816,681.825,31.931,27.201,1,0,0,0,0.0
00:12:01.863,1705283599531,136.729,156.197,115.988,162.34,648.17,30.53,27.046,1,0,0,0,0.0,157.47,150.054,678.296,31.37,27.544,1,0,0,0,0.0
00:12:01.880,1705283599548,136.756,156.127,115.994,162.409,644.693,30.524,26.906,1,0,0,0,0.0,157.518,149.846,678.6,31.839,27.151,1,0,0,0,0.0
00:12:01.896,1705283599564,136.702,156.001,115.885,162.156,639.103,30.507,26.687,1,0,0,0,0.0,157.518,149.846,678.6,31.839,27.151,1,0,0,0,0.0
00:12:01.913,1705283599581,136.723,156.055,115.967,162.282,656.3,30.861,27.091,1,0,0,0,0.0,157.479,149.828,684.386,31.943,27.294,1,0,0,0,0.0
00:12:01.930,1705283599598,136.708,156.077,115.935,162.344,649.188,30.754,26.891,1,0,0,0,0.0,157.481,149.809,682.097,31.921,27.221,1,0,0,0,0.0
00:12:01.946,1705283599614,136.71,156.092,115.939,162.375,657.657,30.758,27.238,1,0,0,0,0.0,157.481,149.809,682.097,31.921,27.221,1,0,0,0,0.0
00:12:01.963,1705283599631,136.74,156.064,115.913,162.24,653.353,30.841,26.987,1,0,0,0,0.0,157.567,149.889,685.406,32.036,27.255,1,0,0,0,0.0
00:12:01.980,1705283599648,136.741,155.978,115.972,162.163,654.436,30.651,27.199,1,0,0,0,0.0,157.511,149.793,680.656,31.959,27.131,1,0,0,0,0.0
00:12:01.996,1705283599664,136.758,156.038,116.005,162.282,651.528,30.687,27.047,1,0,0,0,0.0,157.511,149.793,680.656,31.959,27.131,1,0,0,0,0.0
00:12:02.013,1705283599681,136.81,156.081,116.036,162.344,649.418,30.735,26.917,1,0,0,0,0.0,157.584,149.818,679.709,31.827,27.205,1,0,0,0,0.0
00:12:02.030,1705283599698,136.478,156.226,115.467,162.557,653.681,30.85,26.992,1,0,0,0,0.0,157.489,149.895,681.315,32.037,27.092,1,0,0,0,0.0
00:12:02.046,1705283599714,136.297,156.245,115.106,162.594,651.401,30.836,26.911,1,0,0,0,0.0,157.489,149.895,681.315,32.037,27.092,1,0,0,0,0.0
00:12:02.063,1705283599731,135.866,156.368,115.09,162.646,652.398,30.894,26.901,1,0,0,0,0.0,156.642,150.091,671.111,31.779,26.902,1,0,0,0,0.0
00:12:02.080,1705283599748,135.71,156.21,114.978,162.562,652.306,30.965,26.835,1,0,0,0,0.0,156.442,149.857,666.983,31.871,26.66,1,0,0,0,0.0
00:12:02.096,1705283599764,135.903,156.485,115.209,162.633,648.892,30.662,26.959,1,0,0,0,0.0,156.598,150.338,669.683,31.397,27.172,1,0,0,0,0.0
00:12:02.113,1705283599781,135.901,156.246,115.114,162.537,647.194,30.824,26.747,1,0,0,0,0.0,156.689,149.956,675.638,31.85,27.023,1,0,0,0,0.0
00:12:02.130,1705283599798,135.85,156.395,115.103,162.687,645.445,30.649,26.827,1,0,0,0,0.0,156.597,150.103,670.491,31.819,26.843,1,0,0,0,0.0
00:12:02.146,1705283599814,135.872,156.153,115.108,162.429,655.038,30.963,26.95,1,0,0,0,0.0,156.636,149.878,665.622,31.591,26.84,1,0,0,0,0.0
00:12:02.163,1705283599831,135.936,156.293,115.143,162.564,653.204,30.961,26.876,1,0,0,0,0.0,156.729,150.022,675.742,31.885,26.998,1,0,0,0,0.0
00:12:02.180,1705283599848,135.959,156.258,115.22,162.465,650.0,30.757,26.922,1,0,0,0,0.0,156.699,150.051,670.272,31.714,26.924,1,0,0,0,0.0
00:12:02.196,1705283599864,135.918,156.268,115.116,162.618,647.864,30.549,27.016,1,0,0,0,0.0,156.719,149.919,676.382,31.974,26.948,1,0,0,0,0.0
00:12:02.213,1705283599881,135.94,156.268,115.127,162.491,646.164,30.55,26.944,1,0,0,0,0.0,156.753,150.044,671.655,31.558,27.112,1,0,0,0,0.0
00:12:02.230,1705283599898,135.976,156.245,115.191,162.515,650.689,30.822,26.893,1,0,0,0,0.0,156.76,149.975,673.535,31.743,27.03,1,0,0,0,0.0
00:12:02.246,1705283599914,135.964,156.209,115.176,162.573,654.98,30.907,26.996,1,0,0,0,0.0,156.752,149.844,673.33,31.787,26.984,1,0,0,0,0.0
00:12:02.263,1705283599931,135.991,156.286,115.178,162.657,647.154,30.686,26.866,1,0,0,0,0.0,156.803,149.915,669.796,31.629,26.977,1,0,0,0,0.0
00:12:02.280,1705283599948,136.035,156.224,115.233,162.466,655.825,31.02,26.932,1,0,0,0,0.0,156.838,149.982,670.239,31.639,26.986,1,0,0,0,0.0
00:12:02.296,1705283599964,136.105,156.044,115.468,162.289,648.365,30.584,27.005,1,0,0,0,0.0,156.741,149.798,662.852,31.665,26.666,1,0,0,0,0.0
00:12:02.313,1705283599981,136.362,156.085,115.814,162.218,653.16,30.762,27.048,1,0,0,0,0.0,156.91,149.953,669.539,31.562,27.023,1,0,0,0,0.0
00:12:02.330,1705283599998,136.641,156.118,115.774,162.379,654.688,30.777,27.098,1,0,0,0,0.0,157.509,149.857,671.722,31.666,27.023,1,0,0,0,0.0
00:12:02.346,1705283600014,136.648,155.982,115.803,162.206,657.408,30.818,27.175,1,0,0,0,0.0,157.492,149.758,663.428,31.604,26.741,1,0,0,0,0.0
00:12:02.363,1705283600031,136.626,156.064,115.78,162.371,655.122,30.92,26.99,1,0,0,0,0.0,157.473,149.757,673.923,31.696,27.086,1,0,0,0,0.0
00:12:02.380,1705283600048,136.635,156.058,115.765,162.366,653.941,30.862,26.993,1,0,0,0,0.0,157.506,149.749,669.418,31.41,27.149,1,0,0,0,0.0
00:12:02.396,1705283600064,136.592,156.08,115.73,162.413,651.554,30.991,26.782,1,0,0,0,0.0,157.454,149.747,666.47,31.927,26.592,1,0,0,0,0.0
00:12:02.413,1705283600081,136.577,156.126,115.774,162.333,657.68,30.84,27.166,1,0,0,0,0.0,157.381,149.919,665.935,31.099,27.278,1,0,0,0,0.0
00:12:02.430,1705283600098,136.568,156.112,115.765,162.396,657.637,30.872,27.136,1,0,0,0,0.0,157.372,149.829,667.439,31.723,26.802,1,0,0,0,0.0
00:12:02.446,1705283600114,136.555,156.099,115.722,162.342,653.44,30.883,26.954,1,0,0,0,0.0,157.387,149.856,673.895,31.436,27.309,1,0,0,0,0.0
00:12:02.463,1705283600131,136.539,156.062,115.606,162.33,660.857,31.276,26.917,1,0,0,0,0.0,157.471,149.793,678.32,31.783,27.188,1,0,0,0,0.0
00:12:02.480,1705283600148,136.62,156.174,115.71,162.477,653.469,31.056,26.804,1,0,0,0,0.0,157.53,149.872,673.711,31.351,27.375,1,0,0,0,0.0
00:12:02.496,1705283600164,136.531,156.217,115.66,162.398,662.956,31.059,27.191,1,0,0,0,0.0,157.403,150.036,666.813,31.257,27.176,1,0,0,0,0.0
00:12:02.513,1705283600181,136.597,156.132,115.717,162.384,659.842,31.016,27.101,1,0,0,0,0.0,157.477,149.88,670.868,31.616,27.031,1,0,0,0,0.0
00:12:02.530,1705283600198,136.568,156.087,115.736,162.259,657.658,30.858,27.15,1,0,0,0,0.0,157.399,149.914,671.679,31.302,27.335,1,0,0,0,0.0
00:12:02.546,1705283600214,136.614,156.077,115.732,162.308,653.948,30.829,27.021,1,0,0,0,0.0,157.496,149.846,678.838,31.489,27.463,1,0,0,0,0.0
00:12:02.563,1705283600231,136.555,156.104,115.695,162.383,654.678,30.886,27.002,1,0,0,0,0.0,157.416,149.825,669.791,31.692,26.923,1,0,0,0,0.0
00:12:02.580,1705283600248,136.488,156.047,115.594,162.313,650.844,30.805,26.915,1,0,0,0,0.0,157.381,149.781,670.838,31.581,27.06,1,0,0,0,0.0
00:12:02.596,1705283600264,136.523,156.095,115.594,162.313,650.844,30.805,26.915,1,0,0,0,0.0,157.451,149.877,670.835,31.431,27.189,1,0,0,0,0.0
00:12:02.613,1705283600281,136.583,156.119,115.665,162.366,657.58,31.082,26.951,1,0,0,0,0.0,157.502,149.872,670.61,31.39,27.215,1,0,0,0,0.0
00:12:02.630,1705283600298,136.561,156.116,115.768,162.366,659.867,31.139,26.995,1,0,0,0,0.0,157.354,149.865,671.518,31.475,27.178,1,0,0,0,0.0
00:12:02.646,1705283600314,136.559,156.068,115.768,162.366,659.867,31.139,26.995,1,0,0,0,0.0,157.35,149.771,668.147,31.57,26.961,1,0,0,0,0.0
00:12:02.663,1705283600331,136.539,156.098,115.64,162.279,654.552,30.887,26.996,1,0,0,0,0.0,157.438,149.916,665.147,31.687,26.74,1,0,0,0,0.0
00:12:02.680,1705283600348,136.465,156.081,115.584,162.392,655.537,30.993,26.944,1,0,0,0,0.0,157.346,149.771,667.269,31.49,26.993,1,0,0,0,0.0
00:12:02.696,1705283600364,136.534,156.197,115.584,162.392,655.537,30.993,26.944,1,0,0,0,0.0,157.484,150.002,680.514,31.657,27.384,1,0,0,0,0.0
00:12:02.713,1705283600381,136.54,156.099,115.602,162.266,655.417,30.964,26.964,1,0,0,0,0.0,157.477,149.933,674.686,31.387,27.383,1,0,0,0,0.0
00:12:02.730,1705283600398,136.481,156.185,115.588,162.489,656.084,31.155,26.826,1,0,0,0,0.0,157.375,149.882,671.137,31.641,27.021,1,0,0,0,0.0
00:12:02.746,1705283600414,136.396,156.149,115.588,162.489,656.084,31.155,26.826,1,0,0,0,0.0,157.205,149.809,662.913,31.582,26.739,1,0,0,0,0.0
00:12:02.763,1705283600431,136.47,156.163,115.633,162.443,655.144,30.859,27.045,1,0,0,0,0.0,157.307,149.884,670.687,31.715,26.939,1,0,0,0,0.0
00:12:02.780,1705283600448,136.551,156.178,115.689,162.454,660.977,31.046,27.121,1,0,0,0,0.0,157.413,149.902,673.515,31.556,27.19,1,0,0,0,0.0
00:12:02.796,1705283600464,136.564,156.206,115.689,162.454,660.977,31.046,27.121,1,0,0,0,0.0,157.439,149.958,674.838,31.509,27.283,1,0,0,0,0.0
00:12:02.813,1705283600481,136.519,156.11,115.609,162.333,658.26,31.152,26.918,1,0,0,0,0.0,157.429,149.886,675.115,31.637,27.184,1,0,0,0,0.0
00:12:02.830,1705283600498,136.57,156.161,115.668,162.442,663.582,31.148,27.139,1,0,0,0,0.0,157.472,149.88,671.913,31.652,27.042,1,0,0,0,0.0
00:12:02.846,1705283600514,136.742,156.235,115.668,162.442,663.582,31.148,27.139,1,0,0,0,0.0,157.817,150.029,690.947,31.232,28.182,1,0,0,0,0.0
00:12:02.863,1705283600531,136.555,156.067,115.71,162.294,656.874,30.805,27.164,1,0,0,0,0.0,157.4,149.84,670.965,31.647,27.008,1,0,0,0,0.0
00:12:02.880,1705283600548,136.641,156.133,115.688,162.411,664.181,31.143,27.168,1,0,0,0,0.0,157.595,149.856,681.035,31.557,27.492,1,0,0,0,0.0
00:12:02.896,1705283600564,136.528,156.088,115.688,162.411,664.181,31.143,27.168,1,0,0,0,0.0,157.368,149.765,667.282,31.741,26.781,1,0,0,0,0.0
00:12:02.913,1705283600581,136.583,156.16,115.704,162.574,658.747,31.123,26.963,1,0,0,0,0.0,157.462,149.746,670.737,31.594,27.044,1,0,0,0,0.0
00:12:02.930,1705283600598,136.565,156.225,115.613,162.494,653.896,30.839,27.011,1,0,0,0,0.0,157.517,149.956,670.88,31.519,27.114,1,0,0,0,0.0
00:12:02.946,1705283600614,136.543,156.179,115.613,162.494,653.896,30.839,27.011,1,0,0,0,0.0,157.472,149.864,665.194,31.275,27.094,1,0,0,0,0.0
00:12:02.963,1705283600631,136.614,156.132,115.688,162.414,660.036,30.918,27.195,1,0,0,0,0.0,157.54,149.849,668.165,31.481,27.038,1,0,0,0,0.0
00:12:02.980,1705283600648,136.834,155.971,116.091,162.148,653.985,30.999,26.875,1,0,0,0,0.0,157.577,149.794,668.724,31.401,27.129,1,0,0,0,0.0
00:12:02.996,1705283600664,136.818,155.952,116.091,162.148,653.985,30.999,26.875,1,0,0,0,0.0,157.545,149.756,665.504,31.543,26.877,1,0,0,0,0.0
00:12:03.013,1705283600681,141.006,154.608,121.402,160.009,644.033,30.202,27.164,0,2283,1,0,0.0,160.61,149.207,656.15,30.248,27.633,1,0,0,0,0.0
00:12:03.030,1705283600698,154.315,149.791,138.799,153.346,657.651,30.186,27.754,0,0,1,0,0.0,169.831,146.237,677.308,30.616,28.182,0,2317,1,0,0.0
00:12:03.046,1705283600714,158.034,148.409,138.799,153.346,657.651,30.186,27.754,0,0,1,0,0.0,177.268,143.472,658.067,29.531,28.387,0,0,1,0,0.0
00:12:03.063,1705283600731,165.767,145.901,146.696,150.652,650.04,30.052,27.554,0,0,1,0,0.0,184.839,141.15,657.593,29.845,28.068,0,0,1,0,0.0
00:12:03.080,1705283600748,170.468,144.087,150.794,149.519,732.973,32.545,28.69,1,0,0,0,0.0,190.141,138.654,699.861,31.502,28.301,0,0,1,0,0.0
00:12:03.096,1705283600764,170.705,143.576,150.794,149.519,732.973,32.545,28.69,1,0,0,83,14.889,190.616,137.633,695.998,31.966,27.736,1,0,0,66,13.79
00:12:03.113,1705283600781,170.582,143.785,150.646,149.582,739.073,32.612,28.87,1,0,0,0,0.0,190.519,137.989,704.38,31.683,28.322,1,0,0,0,0.0
00:12:03.130,1705283600798,170.439,143.757,150.298,149.662,737.128,32.689,28.726,1,0,0,0,0.0,190.581,137.852,701.133,31.806,28.082,1,0,0,0,0.0
00:12:03.146,1705283600814,170.43,143.904,150.298,149.662,737.128,32.689,28.726,1,0,0,0,0.0,190.561,138.146,704.518,31.306,28.668,1,0,0,0,0.0
00:12:03.163,1705283600831,170.473,143.797,150.23,149.719,738.474,32.668,28.797,1,0,0,0,0.0,190.716,137.875,688.428,31.497,27.843,1,0,0,0,0.0
00:12:03.180,1705283600848,170.383,143.877,149.965,149.699,734.915,32.59,28.727,1,0,0,0,0.0,190.801,138.055,697.956,31.701,28.047,1,0,0,0,0.0
00:12:03.196,1705283600864,170.493,143.85,149.965,149.699,734.915,32.59,28.727,1,0,0,0,0.0,191.021,138.0,694.634,31.87,27.765,1,0,0,0,0.0
00:12:03.213,1705283600881,170.898,143.913,150.66,149.65,721.277,32.081,28.64,1,0,0,0,0.0,191.136,138.176,703.162,31.742,28.22,1,0,0,0,0.0
00:12:03.230,1705283600898,176.336,142.984,157.15,148.283,671.935,31.089,27.533,0,150,1,0,0.0,195.523,137.685,649.933,30.661,27.003,0,134,1,0,0.0
00:12:03.246,1705283600914,181.772,142.179,162.182,147.6,715.97,32.729,27.867,0,0,1,0,0.0,201.363,136.758,655.213,30.358,27.494,0,0,1,0,0.0
00:12:03.263,1705283600931,182.405,141.758,162.152,147.159,710.221,32.611,27.743,1,0,0,33,4.787,202.658,136.357,676.744,31.123,27.699,1,0,0,33,4.275
00:12:03.280,1705283600948,182.466,141.804,161.987,147.299,702.261,32.191,27.791,1,0,0,0,0.0,202.945,136.309,673.675,30.939,27.738,1,0,0,0,0.0
00:12:03.296,1705283600964,182.5,141.924,161.969,147.33,699.985,32.029,27.84,1,0,0,0,0.0,203.032,136.519,664.772,30.532,27.736,1,0,0,0,0.0
00:12:03.313,1705283600981,182.387,142.001,161.822,147.513,697.21,31.783,27.945,1,0,0,0,0.0,202.951,136.49,667.088,30.702,27.679,1,0,0,0,0.0
00:12:03.330,1705283600998,182.517,141.924,161.89,147.395,680.326,31.8,27.253,1,0,0,0,0.0,203.144,136.452,639.235,30.228,26.939,1,0,0,0,0.0
00:12:03.346,1705283601014,182.499,141.895,161.889,147.382,681.038,31.711,27.359,1,0,0,0,0.0,203.11,136.409,650.16,30.242,27.387,1,0,0,0,0.0
00:12:03.363,1705283601031,182.547,141.91,162.001,147.382,674.924,31.575,27.229,1,0,0,0,0.0,203.092,136.439,640.618,30.163,27.056,1,0,0,0,0.0
00:12:03.380,1705283601048,185.267,142.177,166.004,147.552,599.53,28.973,26.36,1,0,0,0,0.0,204.53,136.802,618.6,29.447,26.76,1,0,0,0,0.0
00:12:03.396,1705283601064,195.367,142.918,177.559,148.021,510.598,27.521,23.634,0,133,1,0,0.0,213.175,137.815,521.054,26.977,24.605,0,133,1,0,0.0
00:12:03.413,1705283601081,205.134,143.566,187.503,148.845,526.55,27.83,24.102,0,0,1,0,0.0,222.765,138.287,462.603,26.824,21.969,0,0,1,0,0.0
00:12:03.430,1705283601098,213.288,144.779,195.886,150.263,507.861,27.811,23.262,0,0,1,0,0.0,230.691,139.296,475.431,27.027,22.409,0,0,1,0,0.0
00:12:03.446,1705283601114,219.656,146.729,201.981,152.314,526.825,29.309,22.898,0,0,1,0,0.0,237.331,141.144,469.534,27.573,21.693,0,0,1,0,0.0
00:12:03.463,1705283601131,224.071,148.688,206.363,154.127,524.93,29.363,22.774,0,0,1,0,0.0,241.779,143.249,452.394,27.494,20.961,0,0,1,0,0.0
00:12:03.480,1705283601148,227.01,150.283,209.043,155.651,524.834,29.48,22.679,1,0,0,84,17.766,244.977,144.916,451.523,28.025,20.524,1,0,0,84,15.675
00:12:03.496,1705283601164,228.238,151.233,209.626,156.266,526.246,29.332,22.855,1,0,0,0,0.0,246.849,146.2,436.276,27.774,20.01,1,0,0,0,0.0
00:12:03.513,1705283601181,227.783,150.977,208.97,156.132,530.588,29.295,23.073,1,0,0,0,0.0,246.596,145.823,445.186,27.851,20.363,1,0,0,0,0.0
00:12:03.530,1705283601198,227.523,150.933,208.622,156.113,528.828,29.168,23.096,1,0,0,0,0.0,246.424,145.754,453.056,28.187,20.475,1,0,0,0,0.0
00:12:03.546,1705283601214,227.345,150.806,208.304,155.867,528.125,29.208,23.034,1,0,0,0,0.0,246.386,145.745,450.441,28.117,20.408,1,0,0,0,0.0
00:12:03.563,1705283601231,227.147,150.828,208.055,155.953,530.541,29.086,23.236,1,0,0,0,0.0,246.238,145.702,459.065,28.321,20.649,1,0,0,0,0.0
00:12:03.580,1705283601248,226.826,150.661,207.655,155.907,542.941,29.727,23.266,1,0,0,0,0.0,245.997,145.415,456.689,28.191,20.636,1,0,0,0,0.0
00:12:03.596,1705283601264,226.622,150.845,207.341,155.857,540.764,29.464,23.38,1,0,0,0,0.0,245.903,145.832,463.799,28.474,20.75,1,0,0,0,0.0
00:12:03.613,1705283601281,226.261,150.662,206.899,155.825,546.475,29.702,23.437,1,0,0,0,0.0,245.623,145.499,475.165,28.61,21.157,1,0,0,0,0.0
00:12:03.630,1705283601298,226.039,150.856,206.627,155.994,548.709,29.506,23.69,1,0,0,0,0.0,245.451,145.718,478.12,28.625,21.278,1,0,0,0,0.0
00:12:03.646,1705283601314,225.742,150.815,206.284,155.913,557.965,29.937,23.742,1,0,0,0,0.0,245.199,145.716,489.41,28.874,21.592,1,0,0,0,0.0
00:12:03.663,1705283601331,226.649,151.358,207.901,156.634,530.322,29.193,23.142,1,0,0,0,0.0,245.398,146.082,496.787,29.315,21.588,1,0,0,0,0.0
00:12:03.680,1705283601348,230.958,153.744,213.476,159.284,490.559,28.668,21.798,0,200,1,0,0.0,248.441,148.204,459.692,28.557,20.506,1,0,0,0,0.0
00:12:03.696,1705283601364,233.844,155.32,216.488,160.523,494.079,29.917,21.038,1,0,0,16,2.572,251.2,150.116,432.82,28.941,19.052,1,0,0,0,0.0
00:12:03.713,1705283601381,234.504,155.74,216.535,160.614,497.934,29.65,21.394,1,0,0,0,0.0,252.474,150.866,429.885,28.997,18.885,1,0,0,0,0.0
00:12:03.730,1705283601398,234.275,155.872,215.981,160.661,508.912,29.817,21.742,1,0,0,0,0.0,252.57,151.084,438.388,28.963,19.282,1,0,0,0,0.0
00:12:03.746,1705283601414,233.944,155.843,215.674,160.793,513.01,29.787,21.94,1,0,0,0,0.0,252.214,150.894,446.94,29.065,19.589,1,0,0,0,0.0
00:12:03.763,1705283601431,233.558,155.884,215.114,160.826,526.764,29.887,22.452,1,0,0,0,0.0,252.001,150.942,456.372,29.448,19.742,1,0,0,0,0.0
00:12:03.780,1705283601448,233.275,155.806,214.757,160.684,529.974,29.924,22.561,1,0,0,0,0.0,251.793,150.929,462.9,29.283,20.137,1,0,0,0,0.0
00:12:03.796,1705283601464,232.934,155.87,214.368,160.816,540.575,30.16,22.832,1,0,0,0,0.0,251.5,150.923,469.919,29.535,20.268,1,0,0,0,0.0
00:12:03.813,1705283601481,232.6,155.878,214.004,160.864,548.41,30.241,23.101,1,0,0,0,0.0,251.196,150.893,483.296,29.856,20.621,1,0,0,0,0.0
00:12:03.830,1705283601498,232.264,156.039,213.51,160.889,559.157,30.497,23.357,1,0,0,0,0.0,251.018,151.189,489.993,29.886,20.886,1,0,0,0,0.0
00:12:03.846,1705283601514,231.955,156.214,213.163,161.15,569.801,30.75,23.605,1,0,0,0,0.0,250.747,151.278,502.098,30.26,21.137,1,0,0,0,0.0
00:12:03.863,1705283601531,231.594,156.405,212.74,161.457,580.081,30.815,23.981,1,0,0,0,0.0,250.448,151.353,513.225,30.37,21.527,1,0,0,0,0.0
00:12:03.880,1705283601548,231.214,156.625,212.32,161.585,592.445,31.064,24.295,1,0,0,0,0.0,250.108,151.665,528.433,30.591,22.006,1,0,0,0,0.0
00:12:03.896,1705283601564,230.859,156.763,211.971,161.795,602.885,31.249,24.577,1,0,0,0,0.0,249.747,151.73,542.236,30.963,22.309,1,0,0,0,0.0
00:12:03.913,1705283601581,230.585,156.941,211.638,161.948,612.088,31.405,24.828,1,0,0,0,0.0,249.531,151.934,549.872,31.145,22.491,1,0,0,0,0.0
00:12:03.930,1705283601598,230.275,157.06,211.239,161.943,622.15,31.457,25.195,1,0,0,0,0.0,249.311,152.177,563.656,31.401,22.867,1,0,0,0,0.0
00:12:03.946,1705283601614,230.741,157.295,212.165,162.187,626.565,31.87,25.044,1,0,0,0,0.0,249.317,152.404,575.882,31.625,23.197,1,0,0,0,0.0
00:12:03.963,1705283601631,231.538,157.636,212.785,162.597,623.959,31.936,24.889,1,0,0,0,0.0,250.291,152.676,562.997,31.743,22.594,1,0,0,0,0.0
00:12:03.980,1705283601648,231.277,157.861,212.303,162.873,639.214,32.234,25.261,1,0,0,0,0.0,250.252,152.849,573.611,31.915,22.896,1,0,0,0,0.0
00:12:03.996,1705283601664,231.017,158.143,212.043,163.061,646.043,32.356,25.435,1,0,0,0,0.0,249.99,153.224,589.536,32.339,23.223,1,0,0,0,0.0
00:12:04.013,1705283601681,230.651,158.308,211.602,163.24,657.41,32.486,25.779,1,0,0,0,0.0,249.7,153.376,601.126,32.373,23.655,1,0,0,0,0.0
00:12:04.030,1705283601698,230.35,158.467,211.227,163.352,668.027,32.575,26.124,1,0,0,0,0.0,249.472,153.582,608.998,32.568,23.821,1,0,0,0,0.0
00:12:04.046,1705283601714,230.086,158.666,210.958,163.654,689.125,33.131,26.497,1,0,0,0,0.0,249.214,153.677,620.786,32.717,24.171,1,0,0,0,0.0
00:12:04.063,1705283601731,229.937,158.779,210.794,163.779,687.334,33.074,26.474,1,0,0,0,0.0,249.081,153.779,629.715,32.918,24.369,1,0,0,0,0.0
00:12:04.080,1705283601748,229.826,158.968,210.653,163.827,693.818,32.989,26.792,1,0,0,0,0.0,248.998,154.108,633.339,32.961,24.477,1,0,0,0,0.0
00:12:04.096,1705283601764,229.881,159.17,210.754,164.12,691.546,33.207,26.529,1,0,0,0,0.0,249.007,154.221,640.384,33.256,24.53,1,0,0,0,0.0
00:12:04.113,1705283601781,229.798,159.296,210.674,164.285,695.527,33.076,26.788,1,0,0,0,0.0,248.921,154.307,645.806,33.263,24.733,1,0,0,0,0.0
00:12:04.130,1705283601798,229.753,159.593,210.535,164.469,706.947,33.399,26.964,1,0,0,0,0.0,248.971,154.716,648.483,33.379,24.749,1,0,0,0,0.0
00:12:04.146,1705283601814,228.826,159.613,209.169,164.588,718.122,33.345,27.434,1,0,0,0,0.0,248.482,154.638,655.332,33.32,25.054,1,0,0,0,0.0
00:12:04.163,1705283601831,228.332,159.738,209.082,164.695,711.717,33.246,27.271,1,0,0,0,0.0,247.582,154.782,669.487,33.267,25.637,1,0,0,0,0.0
00:12:04.180,1705283601848,228.237,159.909,208.962,164.919,720.571,33.563,27.349,1,0,0,0,0.0,247.511,154.898,670.612,33.437,25.549,1,0,0,0,0.0
00:12:04.196,1705283601864,228.153,159.994,208.843,164.891,703.669,32.771,27.353,1,0,0,0,0.0,247.462,155.097,675.038,33.488,25.678,1,0,0,0,0.0
00:12:04.213,1705283601881,228.039,160.293,208.715,165.285,722.068,33.465,27.487,1,0,0,0,0.0,247.363,155.302,674.901,33.535,25.637,1,0,0,0,0.0
00:12:04.230,1705283601898,227.828,160.52,208.542,165.4,707.906,33.082,27.259,1,0,0,0,0.0,247.115,155.64,672.612,33.49,25.585,1,0,0,0,0.0
00:12:04.246,1705283601914,227.754,160.781,208.445,165.834,709.591,33.021,27.375,1,0,0,0,0.0,247.062,155.728,676.43,33.45,25.761,1,0,0,0,0.0
00:12:04.263,1705283601931,227.684,161.013,208.333,166.017,712.597,33.207,27.337,1,0,0,0,0.0,247.034,156.01,680.824,33.434,25.941,1,0,0,0,0.0
00:12:04.280,1705283601948,227.599,161.285,208.273,166.208,716.969,33.34,27.395,1,0,0,0,0.0,246.925,156.361,673.663,33.295,25.774,1,0,0,0,0.0
00:12:04.296,1705283601964,227.595,161.359,208.242,166.306,708.269,32.945,27.387,1,0,0,0,0.0,246.947,156.413,677.474,33.236,25.967,1,0,0,0,0.0
00:12:04.313,1705283601981,227.602,161.504,208.245,166.448,713.383,33.075,27.476,1,0,0,0,0.0,246.959,156.56,677.38,33.297,25.915,1,0,0,0,0.0
00:12:04.330,1705283601998,227.582,161.571,208.205,166.578,710.082,32.935,27.465,1,0,0,0,0.0,246.958,156.564,675.352,33.274,25.855,1,0,0,0,0.0
00:12:04.346,1705283602014,227.689,161.605,208.371,166.564,715.142,33.266,27.386,1,0,0,0,0.0,247.008,156.646,678.429,33.426,25.856,1,0,0,0,0.0
00:12:04.363,1705283602031,227.8,161.76,208.485,166.723,707.697,32.952,27.359,1,0,0,0,0.0,247.116,156.797,673.859,33.2,25.856,1,0,0,0,0.0
00:12:04.380,1705283602048,227.862,161.708,208.563,166.702,707.077,33.063,27.243,1,0,0,0,0.0,247.161,156.713,672.789,33.348,25.701,1,0,0,0,0.0
00:12:04.396,1705283602064,227.917,161.786,208.618,166.736,707.745,32.965,27.35,1,0,0,0,0.0,247.216,156.836,677.844,33.361,25.883,1,0,0,0,0.0
00:12:04.413,1705283602081,227.993,161.836,208.664,166.741,713.686,33.139,27.434,1,0,0,0,0.0,247.323,156.932,674.409,33.268,25.824,1,0,0,0,0.0
00:12:04.430,1705283602098,228.033,161.842,208.738,166.803,706.916,32.951,27.33,1,0,0,0,0.0,247.327,156.88,679.664,33.57,25.791,1,0,0,0,0.0
00:12:04.446,1705283602114,228.008,161.717,208.695,166.691,708.439,33.005,27.343,1,0,0,0,0.0,247.32,156.743,676.858,33.371,25.838,1,0,0,0,0.0
00:12:04.463,1705283602131,228.078,161.734,208.76,166.681,708.298,33.102,27.258,1,0,0,0,0.0,247.396,156.787,679.49,33.663,25.713,1,0,0,0,0.0
00:12:04.480,1705283602148,228.03,161.623,208.697,166.581,710.287,32.979,27.436,1,0,0,0,0.0,247.363,156.665,680.857,33.551,25.852,1,0,0,0,0.0
00:12:04.496,1705283602164,228.092,161.528,208.739,166.504,704.477,32.897,27.28,1,0,0,0,0.0,247.445,156.552,678.034,33.511,25.775,1,0,0,0,0.0
00:12:04.513,1705283602181,228.154,161.309,208.845,166.251,705.617,33.059,27.19,1,0,0,0,0.0,247.462,156.366,683.572,33.6,25.916,1,0,0,0,0.0
00:12:04.530,1705283602198,228.162,161.281,208.878,166.333,710.714,33.111,27.343,1,0,0,0,0.0,247.445,156.23,680.055,33.602,25.782,1,0,0,0,0.0
00:12:04.546,1705283602214,228.177,160.948,208.881,165.765,696.914,32.589,27.242,1,0,0,0,0.0,247.472,156.131,687.103,33.872,25.841,1,0,0,0,0.0
00:12:04.563,1705283602231,228.209,160.902,208.892,165.95,710.136,33.142,27.296,1,0,0,0,0.0,247.525,155.855,689.621,33.852,25.951,1,0,0,0,0.0
00:12:04.580,1705283602248,228.196,160.766,208.899,165.841,708.922,33.162,27.232,1,0,0,0,0.0,247.493,155.691,694.337,34.049,25.977,1,0,0,0,0.0
00:12:04.596,1705283602264,228.2,160.65,208.853,165.66,713.699,33.265,27.331,1,0,0,0,0.0,247.547,155.64,693.177,34.026,25.951,1,0,0,0,0.0
00:12:04.613,1705283602281,228.211,160.442,208.852,165.485,711.338,33.157,27.329,1,0,0,0,0.0,247.57,155.399,688.755,33.837,25.93,1,0,0,0,0.0
00:12:04.630,1705283602298,228.256,160.343,208.887,165.435,714.712,33.244,27.387,1,0,0,0,0.0,247.624,155.251,691.341,33.955,25.937,1,0,0,0,0.0
00:12:04.646,1705283602314,228.211,160.167,208.865,165.28,710.94,33.306,27.192,1,0,0,0,0.0,247.556,155.053,691.467,33.97,25.93,1,0,0,0,0.0
00:12:04.663,1705283602331,228.255,160.037,208.905,165.071,704.317,33.131,27.081,1,0,0,0,0.0,247.606,155.002,688.107,33.825,25.915,1,0,0,0,0.0
00:12:04.680,1705283602348,228.103,159.692,208.609,164.668,701.008,32.796,27.229,1,0,0,0,0.0,247.596,154.715,686.596,33.807,25.872,1,0,0,0,0.0
00:12:04.696,1705283602364,227.78,159.062,208.14,163.956,690.318,32.676,26.913,1,0,0,0,0.0,247.42,154.169,682.053,33.679,25.798,1,0,0,0,0.0
00:12:04.713,1705283602381,226.181,157.786,205.393,162.376,646.844,30.255,27.235,1,0,0,0,0.0,246.969,153.195,680.422,33.326,26.009,1,0,0,0,0.0
00:12:04.730,1705283602398,222.347,158.225,201.885,163.764,484.416,31.853,19.373,1,0,0,0,0.0,242.81,152.687,557.948,27.742,25.621,0,1250,1,0,0.0
00:12:04.746,1705283602414,194.778,164.452,0.0,0.0,0.0,0.0,0.0,0,1050,0,0,0.0,231.773,154.323,238.278,22.376,13.565,0,0,1,0,0.0
00:12:04.763,1705283602431,0.0,0.0,0.0,0.0,0.0,0.0,0.0,0,0,0,0,0.0,0.0,0.0,0.0,0.0,0.0,0,0,0,33,6.603
00:12:04.780,1705283602448,0.0,0.0,0.0,0.0,0.0,0.0,0.0,0,0,0,0,0.0,0.0,0.0,0.0,0.0,0.0,0,0,0,0,0.0
00:12:04.796,1705283602464,0.0,0.0,0.0,0.0,0.0,0.0,0.0,0,0,0,0,0.0,0.0,0.0,0.0,0.0,0.0,0,0,0,0,0.0
00:12:04.813,1705283602481,0.0,0.0,0.0,0.0,0.0,0.0,0.0,0,0,0,0,0.0,0.0,0.0,0.0,0.0,0.0,0,0,0,0,0.0
00:12:04.830,1705283602498,0.0,0.0,0.0,0.0,0.0,0.0,0.0,0,0,0,0,0.0,0.0,0.0,0.0,0.0,0.0,0,0,0,0,0.0
00:12:04.846,1705283602514,158.968,151.439,135.939,159.304,395.88,27.939,18.05,0,0,0,0,0.0,181.996,143.573,859.7,34.156,32.064,0,0,0,0,0.0
00:12:04.863,1705283602531,160.567,149.366,139.903,156.14,671.777,33.242,25.743,0,0,1,0,0.0,181.23,142.593,945.872,37.539,32.099,1,0,0,0,0.0
00:12:04.880,1705283602548,161.178,149.128,140.123,154.558,773.269,33.087,29.771,1,0,0,17,0.0,182.233,143.698,916.164,35.044,33.303,1,0,0,0,0.0
00:12:04.896,1705283602564,161.311,149.417,140.216,154.802,784.681,33.231,30.08,1,0,0,0,0.0,182.405,144.031,905.583,34.707,33.239,1,0,0,0,0.0
00:12:04.913,1705283602581,161.401,149.578,140.298,155.018,789.709,33.34,30.173,1,0,0,0,0.0,182.503,144.139,919.439,34.869,33.59,1,0,0,0,0.0
00:12:04.930,1705283602598,161.531,149.692,140.338,155.087,793.892,33.569,30.126,1,0,0,0,0.0,182.724,144.298,923.826,35.135,33.495,1,0,0,0,0.0
00:12:04.946,1705283602614,161.622,149.772,140.353,155.257,792.921,33.458,30.19,1,0,0,0,0.0,182.891,144.287,921.802,35.144,33.413,1,0,0,0,0.0
00:12:04.963,1705283602631,161.67,149.862,140.473,155.191,798.537,33.654,30.226,1,0,0,0,0.0,182.867,144.534,926.127,35.088,33.624,1,0,0,0,0.0
00:12:04.980,1705283602648,161.774,149.879,140.535,155.362,802.58,33.669,30.366,1,0,0,0,0.0,183.014,144.396,926.944,35.386,33.37,1,0,0,0,0.0
00:12:04.996,1705283602664,161.792,149.958,140.614,155.336,794.468,33.654,30.073,1,0,0,0,0.0,182.97,144.579,928.998,35.373,33.456,1,0,0,0,0.0
00:12:05.013,1705283602681,161.887,149.894,140.72,155.289,808.111,33.845,30.416,1,0,0,0,0.0,183.054,144.499,928.215,35.248,33.546,1,0,0,0,0.0
00:12:05.030,1705283602698,161.931,149.863,140.764,155.206,815.433,33.883,30.658,1,0,0,0,0.0,183.098,144.52,933.721,35.508,33.499,1,0,0,0,0.0
00:12:05.046,1705283602714,162.004,149.856,140.893,155.253,815.693,34.01,30.553,1,0,0,0,0.0,183.114,144.459,933.078,35.335,33.639,1,0,0,0,0.0
00:12:05.063,1705283602731,162.091,149.874,140.982,155.226,816.555,34.07,30.531,1,0,0,0,0.0,183.2,144.522,936.452,35.576,33.532,1,0,0,0,0.0
00:12:05.080,1705283602748,162.241,149.795,141.162,155.188,822.173,34.183,30.639,1,0,0,0,0.0,183.32,144.402,928.549,35.496,33.324,1,0,0,0,0.0
00:12:05.096,1705283602764,162.371,149.771,141.387,155.179,817.856,33.654,30.958,1,0,0,0,0.0,183.356,144.363,938.003,35.557,33.605,1,0,0,0,0.0
00:12:05.113,1705283602781,162.437,149.582,141.44,154.902,804.21,33.842,30.272,1,0,0,0,0.0,183.433,144.263,926.557,35.254,33.48,1,0,0,0,0.0
00:12:05.130,1705283602798,162.539,149.57,141.501,154.958,798.151,33.333,30.503,1,0,0,0,0.0,183.577,144.181,920.934,35.085,33.438,1,0,0,0,0.0
00:12:05.146,1705283602814,161.557,149.056,140.333,154.293,791.102,33.418,30.156,1,0,0,0,0.0,182.781,143.819,902.267,34.997,32.842,1,0,0,0,0.0
00:12:05.163,1705283602831,161.04,148.524,140.423,153.882,783.347,33.174,30.081,1,0,0,0,0.0,181.657,143.167,884.252,34.659,32.5,1,0,0,0,0.0
00:12:05.180,1705283602848,161.209,148.494,140.524,153.953,776.373,33.075,29.902,1,0,0,0,0.0,181.895,143.036,875.729,34.427,32.404,1,0,0,0,0.0
00:12:05.196,1705283602864,161.336,148.506,140.61,153.943,765.811,32.797,29.745,1,0,0,0,0.0,182.061,143.069,866.137,34.324,32.146,1,0,0,0,0.0
00:12:05.213,1705283602881,161.65,148.383,140.97,153.916,750.691,32.454,29.466,1,0,0,0,0.0,182.33,142.851,857.041,34.203,31.92,1,0,0,0,0.0
00:12:05.230,1705283602898,161.821,148.387,141.16,153.834,742.303,32.084,29.473,1,0,0,0,0.0,182.483,142.941,849.202,33.887,31.923,1,0,0,0,0.0
00:12:05.246,1705283602914,162.086,148.32,141.385,153.809,736.514,32.007,29.313,1,0,0,0,0.0,182.788,142.831,833.514,33.806,31.408,1,0,0,0,0.0
00:12:05.263,1705283602931,162.297,148.217,141.638,153.674,733.927,32.019,29.2,1,0,0,0,0.0,182.956,142.761,829.011,33.74,31.3,1,0,0,0,0.0
00:12:05.280,1705283602948,162.515,148.162,141.837,153.659,725.23,31.99,28.88,1,0,0,0,0.0,183.193,142.666,826.489,33.562,31.37,1,0,0,0,0.0
00:12:05.296,1705283602964,162.745,148.058,142.074,153.493,724.924,31.998,28.86,1,0,0,0,0.0,183.416,142.623,811.223,33.319,31.015,1,0,0,0,0.0
00:12:05.313,1705283602981,162.925,147.96,142.147,153.418,702.524,31.569,28.349,1,0,0,0,0.0,183.704,142.502,809.399,33.534,30.747,1,0,0,0,0.0
00:12:05.330,1705283602998,163.3,147.921,142.583,153.413,724.149,31.857,28.957,1,0,0,0,0.0,184.017,142.43,804.397,33.232,30.835,1,0,0,0,0.0
00:12:05.346,1705283603014,163.657,147.809,142.989,153.311,718.252,31.8,28.773,1,0,0,0,0.0,184.325,142.307,794.722,33.286,30.415,1,0,0,0,0.0
00:12:05.363,1705283603031,163.889,147.733,143.218,153.212,720.869,31.861,28.822,1,0,0,0,0.0,184.561,142.253,796.732,33.149,30.618,1,0,0,0,0.0
00:12:05.380,1705283603048,164.244,147.602,143.621,153.157,720.711,31.978,28.711,1,0,0,0,0.0,184.866,142.047,790.292,32.994,30.513,1,0,0,0,0.0
00:12:05.396,1705283603064,164.582,147.513,143.94,153.091,715.676,31.792,28.677,1,0,0,0,0.0,185.225,141.934,793.761,33.14,30.512,1,0,0,0,0.0
00:12:05.413,1705283603081,164.929,147.387,144.274,153.002,706.977,31.792,28.329,1,0,0,0,0.0,185.584,141.773,791.605,33.074,30.49,1,0,0,0,0.0
00:12:05.430,1705283603098,165.407,147.16,144.659,152.772,711.73,31.972,28.358,1,0,0,0,0.0,186.155,141.547,777.791,32.727,30.275,1,0,0,0,0.0
00:12:05.446,1705283603114,165.696,147.187,145.119,152.793,711.185,31.874,28.423,1,0,0,0,0.0,186.273,141.58,787.156,32.966,30.417,1,0,0,0,0.0
00:12:05.463,1705283603131,166.19,147.085,145.548,152.769,715.339,31.732,28.717,1,0,0,0,0.0,186.831,141.402,783.813,32.786,30.455,1,0,0,0,0.0
00:12:05.480,1705283603148,166.57,146.988,145.973,152.502,708.448,31.807,28.374,1,0,0,0,0.0,187.167,141.473,784.182,32.762,30.492,1,0,0,0,0.0
00:12:05.496,1705283603164,167.122,146.96,146.452,152.569,716.77,31.852,28.667,1,0,0,0,0.0,187.792,141.352,790.961,32.863,30.66,1,0,0,0,0.0
00:12:05.513,1705283603181,167.639,146.848,146.957,152.44,714.142,32.006,28.424,1,0,0,0,0.0,188.321,141.256,794.594,33.044,30.632,1,0,0,0,0.0
00:12:05.530,1705283603198,168.095,146.882,147.463,152.546,726.125,32.365,28.581,1,0,0,0,0.0,188.726,141.219,799.109,33.066,30.786,1,0,0,0,0.0
00:12:05.546,1705283603214,168.552,146.824,147.878,152.475,728.896,32.341,28.711,1,0,0,0,0.0,189.226,141.173,797.654,32.991,30.8,1,0,0,0,0.0
00:12:05.563,1705283603231,169.039,146.763,148.254,152.426,732.851,32.601,28.636,1,0,0,0,0.0,189.824,141.101,788.538,32.901,30.531,1,0,0,0,0.0
00:12:05.580,1705283603248,169.298,146.778,148.545,152.486,730.925,32.398,28.74,1,0,0,0,0.0,190.051,141.069,802.729,33.124,30.871,1,0,0,0,0.0
00:12:05.596,1705283603264,169.731,146.788,149.02,152.468,744.22,32.724,28.971,1,0,0,0,0.0,190.441,141.108,801.973,33.142,30.826,1,0,0,0,0.0
00:12:05.613,1705283603281,170.03,146.555,149.162,152.254,736.34,32.828,28.573,1,0,0,0,0.0,190.899,140.856,793.56,33.118,30.525,1,0,0,0,0.0
00:12:05.630,1705283603298,170.28,146.676,149.461,152.44,743.835,32.667,29.007,1,0,0,0,0.0,191.1,140.913,788.488,33.044,30.397,1,0,0,0,0.0
00:12:05.646,1705283603314,170.3,146.559,149.385,152.161,738.248,32.902,28.583,1,0,0,0,0.0,191.215,140.957,814.459,33.319,31.139,1,0,0,0,0.0
00:12:05.663,1705283603331,169.956,146.186,149.143,151.813,738.328,32.615,28.838,1,0,0,0,0.0,190.769,140.56,804.072,33.221,30.833,1,0,0,0,0.0
00:12:05.680,1705283603348,169.882,146.108,149.223,151.822,742.176,32.709,28.905,1,0,0,0,0.0,190.542,140.394,805.931,33.068,31.047,1,0,0,0,0.0
00:12:05.696,1705283603364,169.979,146.034,149.326,151.782,743.109,32.785,28.874,1,0,0,0,0.0,190.633,140.286,809.431,33.278,30.985,1,0,0,0,0.0
00:12:05.713,1705283603381,170.1,145.982,149.346,151.713,738.509,32.761,28.716,1,0,0,0,0.0,190.854,140.252,803.141,33.188,30.827,1,0,0,0,0.0
00:12:05.730,1705283603398,170.171,145.892,149.415,151.666,738.862,32.736,28.752,1,0,0,0,0.0,190.928,140.118,794.177,33.315,30.367,1,0,0,0,0.0
00:12:05.746,1705283603414,170.223,146.016,149.473,151.77,747.815,32.778,29.063,1,0,0,0,0.0,190.973,140.263,800.765,33.124,30.796,1,0,0,0,0.0
00:12:05.763,1705283603431,170.282,145.936,149.481,151.573,737.529,32.797,28.647,1,0,0,0,0.0,191.084,140.299,792.053,33.222,30.371,1,0,0,0,0.0
00:12:05.780,1705283603448,170.078,145.965,149.328,151.644,738.334,32.667,28.792,1,0,0,0,0.0,190.829,140.286,798.861,33.113,30.733,1,0,0,0,0.0
00:12:05.796,1705283603464,170.058,145.894,149.286,151.731,734.944,32.647,28.678,1,0,0,0,0.0,190.831,140.058,796.43,33.267,30.498,1,0,0,0,0.0
00:12:05.813,1705283603481,169.991,145.837,149.298,151.64,737.129,32.719,28.699,1,0,0,0,0.0,190.685,140.034,793.689,33.3,30.363,1,0,0,0,0.0
00:12:05.830,1705283603498,169.986,145.904,149.222,151.645,734.712,32.612,28.699,1,0,0,0,0.0,190.749,140.163,793.63,33.003,30.633,1,0,0,0,0.0
00:12:05.846,1705283603514,169.887,145.969,149.176,151.686,728.918,32.395,28.664,1,0,0,0,0.0,190.598,140.253,795.88,33.009,30.715,1,0,0,0,0.0
00:12:05.863,1705283603531,170.047,145.814,149.131,151.621,723.651,32.274,28.563,1,0,0,0,0.0,190.962,140.007,767.318,32.991,29.629,1,0,0,0,0.0
00:12:05.880,1705283603548,169.85,145.906,149.126,151.632,727.757,32.362,28.647,1,0,0,0,0.0,190.575,140.179,792.217,32.973,30.607,1,0,0,0,0.0
00:12:05.896,1705283603564,170.064,145.745,149.13,151.563,721.066,32.369,28.378,1,0,0,0,0.0,190.997,139.928,750.623,32.805,29.149,1,0,0,0,0.0
00:12:05.913,1705283603581,169.799,145.902,149.076,151.596,711.722,32.09,28.253,1,0,0,0,0.0,190.523,140.208,785.908,32.805,30.518,1,0,0,0,0.0
00:12:05.930,1705283603598,169.851,145.932,149.153,151.61,714.304,32.064,28.379,1,0,0,0,0.0,190.548,140.254,777.957,32.405,30.583,1,0,0,0,0.0
00:12:05.946,1705283603614,169.848,145.829,149.1,151.498,704.796,32.037,28.024,1,0,0,0,0.0,190.597,140.159,776.977,32.638,30.326,1,0,0,0,0.0
00:12:05.963,1705283603631,170.021,145.879,149.222,151.61,705.907,31.861,28.224,1,0,0,0,0.0,190.821,140.148,755.097,32.363,29.722,1,0,0,0,0.0
00:12:05.980,1705283603648,170.046,145.912,149.206,151.532,706.97,31.866,28.262,1,0,0,0,0.0,190.885,140.292,752.122,32.376,29.594,1,0,0,0,0.0
00:12:05.996,1705283603664,170.025,145.775,149.243,151.479,701.558,31.627,28.257,1,0,0,0,0.0,190.807,140.071,763.047,32.419,29.984,1,0,0,0,0.0
00:12:06.013,1705283603681,170.072,145.559,149.19,151.528,697.599,31.52,28.194,1,0,0,0,0.0,190.955,139.59,731.852,32.405,28.77,1,0,0,0,0.0
00:12:06.030,1705283603698,169.97,145.671,149.263,151.523,692.243,31.724,27.797,1,0,0,0,0.0,190.676,139.818,759.931,32.464,29.82,1,0,0,0,0.0
00:12:06.046,1705283603714,171.573,145.88,151.621,151.61,679.537,31.004,27.92,1,0,0,0,0.0,191.525,140.15,742.087,31.622,29.894,1,0,0,0,0.0
00:12:06.063,1705283603731,175.34,146.207,155.072,151.875,697.664,32.005,27.769,1,0,0,0,0.0,195.608,140.539,752.374,32.139,29.822,1,0,0,0,0.0
00:12:06.080,1705283603748,175.845,146.081,155.189,151.748,690.642,31.59,27.85,1,0,0,0,0.0,196.502,140.413,743.911,32.035,29.582,1,0,0,0,0.0
00:12:06.096,1705283603764,175.887,146.013,155.271,151.765,687.033,31.69,27.617,1,0,0,0,0.0,196.503,140.26,731.387,32.013,29.104,1,0,0,0,0.0
00:12:06.113,1705283603781,175.859,145.984,155.155,151.525,678.424,31.578,27.369,1,0,0,0,0.0,196.562,140.443,740.97,31.95,29.544,1,0,0,0,0.0
00:12:06.130,1705283603798,176.207,145.889,155.172,151.366,682.098,31.764,27.356,1,0,0,0,0.0,197.243,140.412,711.86,31.448,28.836,1,0,0,0,0.0
00:12:06.146,1705283603814,175.876,145.937,155.18,151.499,682.998,31.567,27.562,1,0,0,0,0.0,196.572,140.375,744.449,31.773,29.847,1,0,0,0,0.0
00:12:06.163,1705283603831,175.936,145.695,155.203,151.415,680.041,31.421,27.571,1,0,0,0,0.0,196.67,139.976,722.695,32.103,28.677,1,0,0,0,0.0
00:12:06.180,1705283603848,176.004,145.767,155.266,151.358,672.148,31.483,27.197,1,0,0,0,0.0,196.742,140.176,732.085,31.691,29.428,1,0,0,0,0.0
00:12:06.196,1705283603864,176.038,145.529,155.217,151.3,673.803,31.53,27.224,1,0,0,0,0.0,196.86,139.759,710.416,32.145,28.153,1,0,0,0,0.0
00:12:06.213,1705283603881,176.015,145.828,155.247,151.527,686.036,31.47,27.77,1,0,0,0,0.0,196.782,140.129,726.879,31.638,29.267,1,0,0,0,0.0
00:12:06.230,1705283603898,176.093,145.606,155.218,151.265,671.944,31.446,27.221,1,0,0,0,0.0,196.968,139.947,710.865,31.598,28.659,1,0,0,0,0.0
00:12:06.246,1705283603914,174.263,145.546,152.446,151.177,654.864,30.981,26.927,1,0,0,0,0.0,196.081,139.916,705.321,31.208,28.79,1,0,0,0,0.0
00:12:06.263,1705283603931,171.421,145.142,150.328,150.992,664.106,30.991,27.298,1,0,0,0,0.0,192.514,139.292,698.513,31.749,28.027,1,0,0,0,0.0
00:12:06.280,1705283603948,170.776,144.809,150.095,150.861,663.126,30.898,27.34,1,0,0,0,0.0,191.456,138.756,694.953,31.993,27.671,1,0,0,0,0.0
00:12:06.296,1705283603964,170.933,144.996,150.208,150.888,665.568,30.826,27.505,1,0,0,0,0.0,191.659,139.105,701.203,31.552,28.311,1,0,0,0,0.0
00:12:06.313,1705283603981,170.819,144.853,150.137,150.86,660.35,30.714,27.389,1,0,0,0,0.0,191.501,138.845,695.008,31.481,28.124,1,0,0,0,0.0
00:12:06.330,1705283603998,170.804,144.892,150.145,150.859,653.377,30.64,27.165,1,0,0,0,0.0,191.463,138.925,699.474,31.404,28.374,1,0,0,0,0.0
00:12:06.346,1705283604014,170.871,144.652,150.029,150.839,659.408,30.644,27.411,1,0,0,0,0.0,191.713,138.465,668.372,31.352,27.157,1,0,0,0,0.0
00:12:06.363,1705283604031,170.82,144.678,149.98,150.836,652.623,30.625,27.146,1,0,0,0,0.0,191.66,138.521,682.436,31.697,27.427,1,0,0,0,0.0
00:12:06.380,1705283604048,170.904,144.729,150.061,150.814,658.764,30.859,27.194,1,0,0,0,0.0,191.747,138.644,687.617,31.663,27.665,1,0,0,0,0.0
00:12:06.396,1705283604064,170.806,144.729,149.999,150.789,650.859,30.542,27.147,1,0,0,0,0.0,191.613,138.67,683.664,31.559,27.596,1,0,0,0,0.0
00:12:06.413,1705283604081,170.873,144.807,150.037,150.698,659.594,30.801,27.28,1,0,0,0,0.0,191.709,138.915,695.794,31.486,28.151,1,0,0,0,0.0
00:12:06.430,1705283604098,170.823,144.691,150.047,150.667,659.081,30.772,27.284,1,0,0,0,0.0,191.598,138.715,681.748,31.141,27.888,1,0,0,0,0.0
00:12:06.446,1705283604114,171.005,144.247,150.073,150.48,658.665,30.763,27.275,1,0,0,0,0.0,191.937,138.014,667.209,32.113,26.467,1,0,0,0,0.0
00:12:06.463,1705283604131,170.887,144.366,149.925,150.573,659.378,30.792,27.279,1,0,0,0,0.0,191.85,138.159,669.195,31.56,27.011,1,0,0,0,0.0
00:12:06.480,1705283604148,170.757,144.552,149.718,150.216,641.798,30.587,26.729,1,0,0,0,0.0,191.796,138.889,698.133,30.959,28.726,1,0,0,0,0.0
00:12:06.496,1705283604164,170.213,147.709,148.693,156.078,196.643,17.707,14.147,0,1616,1,0,0.0,191.733,139.341,686.893,31.429,27.842,1,0,0,0,0.0
00:12:06.513,1705283604181,0.0,0.0,0.0,0.0,0.0,0.0,0.0,0,0,0,17,1.547,0.0,0.0,0.0,0.0,0.0,0,1650,0,0,0.0
00:12:06.530,1705283604198,0.0,0.0,0.0,0.0,0.0,0.0,0.0,0,0,0,0,0.0,0.0,0.0,0.0,0.0,0.0,0,0,0,0,0.0
00:12:06.546,1705283604214,0.0,0.0,0.0,0.0,0.0,0.0,0.0,0,0,0,0,0.0,0.0,0.0,0.0,0.0,0.0,0,0,0,0,0.0
00:12:06.563,1705283604231,0.0,0.0,0.0,0.0,0.0,0.0,0.0,0,0,0,0,0.0,0.0,0.0,0.0,0.0,0.0,0,0,0,0,0.0
00:12:06.580,1705283604248,0.0,0.0,0.0,0.0,0.0,0.0,0.0,0,0,0,0,0.0,0.0,0.0,0.0,0.0,0.0,0,0,0,0,0.0
00:12:06.596,1705283604264,54.426,190.369,0.0,0.0,0.0,0.0,0.0,0,0,0,0,0.0,85.824,180.066,181.895,17.118,13.536,0,0,0,0,0.0
00:12:06.613,1705283604281,116.508,166.248,148.87,153.213,420.461,28.161,19.02,0,0,0,0,0.0,84.145,179.283,124.139,16.278,9.715,1,0,0,0,0.0
00:12:06.630,1705283604298,116.966,164.808,148.998,150.925,574.101,30.369,24.082,1,0,0,0,0.0,84.933,178.691,156.528,18.133,10.996,1,0,0,0,0.0
00:12:06.646,1705283604314,117.738,163.172,150.016,149.683,658.086,30.911,27.121,1,0,0,0,0.0,85.46,176.662,158.374,18.24,11.061,1,0,0,0,0.0
00:12:06.663,1705283604331,171.302,144.166,150.12,149.906,664.603,31.194,27.141,1,0,0,0,0.0,192.484,138.427,725.838,31.566,29.292,0,50,1,0,0.0
00:12:06.680,1705283604348,171.309,144.134,150.181,150.226,676.061,31.399,27.428,1,0,0,0,0.0,192.437,138.042,693.501,31.578,27.976,1,0,0,17,45.902
00:12:06.696,1705283604364,171.489,144.222,150.29,150.428,676.64,31.397,27.453,1,0,0,0,0.0,192.687,138.016,689.534,32.068,27.392,1,0,0,0,0.0
00:12:06.713,1705283604381,171.429,144.376,150.15,150.58,678.185,31.191,27.698,1,0,0,0,0.0,192.708,138.172,696.666,32.333,27.448,1,0,0,0,0.0
00:12:06.730,1705283604398,171.536,144.635,150.356,150.698,690.612,31.565,27.871,1,0,0,0,0.0,192.716,138.573,704.508,31.719,28.294,1,0,0,0,0.0
00:12:06.746,1705283604414,171.65,144.227,150.263,150.617,679.094,31.405,27.546,1,0,0,0,0.0,193.038,137.836,671.99,32.205,26.581,1,0,0,0,0.0
00:12:06.763,1705283604431,171.461,144.692,150.341,150.782,687.585,31.441,27.858,1,0,0,0,0.0,192.582,138.601,709.035,31.993,28.232,1,0,0,0,0.0
00:12:06.780,1705283604448,171.52,144.457,150.39,150.6,684.533,31.313,27.848,1,0,0,0,0.0,192.65,138.315,699.036,32.15,27.698,1,0,0,0,0.0
00:12:06.796,1705283604464,171.612,144.54,150.342,150.63,690.81,31.69,27.769,1,0,0,0,0.0,192.881,138.449,709.244,32.329,27.947,1,0,0,0,0.0
00:12:06.813,1705283604481,171.627,144.584,150.416,150.743,690.821,31.632,27.821,1,0,0,0,0.0,192.838,138.425,708.484,32.412,27.845,1,0,0,0,0.0
00:12:06.830,1705283604498,171.489,144.632,150.281,150.657,683.95,31.276,27.858,1,0,0,0,0.0,192.698,138.607,713.053,32.282,28.138,1,0,0,0,0.0
00:12:06.846,1705283604514,171.653,144.501,150.33,150.601,693.809,31.748,27.839,1,0,0,0,0.0,192.975,138.401,714.55,32.701,27.836,1,0,0,0,0.0
00:12:06.863,1705283604531,171.711,144.623,150.47,150.642,702.175,31.756,28.167,1,0,0,0,0.0,192.952,138.603,728.994,32.647,28.445,1,0,0,0,0.0
00:12:06.880,1705283604548,171.74,144.472,150.408,150.447,691.457,31.921,27.594,1,0,0,0,0.0,193.072,138.496,726.535,32.685,28.316,1,0,0,0,0.0
00:12:06.896,1705283604564,171.058,144.98,149.42,151.033,697.32,31.485,28.214,1,0,0,0,0.0,192.696,138.928,750.756,32.479,29.446,1,0,0,0,0.0
00:12:06.913,1705283604581,164.468,147.182,140.892,153.995,645.294,29.702,27.676,0,283,1,0,0.0,188.045,140.369,692.197,32.109,27.462,0,233,1,0,0.0
00:12:06.930,1705283604598,153.913,151.232,131.672,158.529,632.995,30.33,26.586,0,0,1,0,0.0,176.154,143.935,678.974,31.687,27.296,0,0,1,0,0.0
00:12:06.946,1705283604614,145.903,155.634,124.716,162.513,634.546,30.332,26.65,0,0,1,0,0.0,167.089,148.755,710.063,31.699,28.535,0,0,1,0,0.0
00:12:06.963,1705283604631,138.75,158.809,118.364,165.539,626.285,30.291,26.339,0,0,1,0,0.0,159.137,152.079,698.003,31.709,28.041,0,0,1,0,0.0
00:12:06.980,1705283604648,134.112,160.273,114.631,166.855,616.186,30.175,26.013,1,0,0,67,14.063,153.593,153.691,677.286,32.324,26.692,0,0,1,0,0.0
00:12:06.996,1705283604664,133.894,160.45,114.338,166.934,623.093,30.353,26.15,1,0,0,0,0.0,153.449,153.967,707.507,32.284,27.917,1,0,0,83,16.827
00:12:07.013,1705283604681,133.904,160.365,114.16,166.925,618.258,29.922,26.322,1,0,0,0,0.0,153.647,153.804,699.367,32.161,27.702,1,0,0,0,0.0
00:12:07.030,1705283604698,134.035,160.308,114.305,166.921,616.219,30.025,26.144,1,0,0,0,0.0,153.765,153.695,695.001,32.255,27.449,1,0,0,0,0.0
00:12:07.046,1705283604714,134.078,160.285,114.072,166.862,620.95,30.13,26.254,1,0,0,0,0.0,154.084,153.708,701.109,32.203,27.734,1,0,0,0,0.0
00:12:07.063,1705283604731,134.056,160.239,113.996,166.85,618.408,30.112,26.162,1,0,0,0,0.0,154.115,153.627,697.873,32.275,27.545,1,0,0,0,0.0
00:12:07.080,1705283604748,134.055,160.231,113.963,166.826,619.206,30.058,26.243,1,0,0,0,0.0,154.146,153.635,691.523,32.136,27.413,1,0,0,0,0.0
00:12:07.096,1705283604764,134.083,160.15,113.934,166.703,620.304,30.189,26.175,1,0,0,0,0.0,154.232,153.597,691.666,32.217,27.349,1,0,0,0,0.0
00:12:07.113,1705283604781,134.106,160.139,113.908,166.645,613.362,29.774,26.243,1,0,0,0,0.0,154.304,153.633,693.453,32.1,27.52,1,0,0,0,0.0
00:12:07.130,1705283604798,133.973,160.018,113.579,166.627,602.621,29.955,25.628,1,0,0,0,0.0,154.366,153.409,686.355,31.947,27.368,1,0,0,0,0.0
00:12:07.146,1705283604814,133.971,160.026,113.734,166.616,607.078,29.705,26.034,1,0,0,0,0.0,154.207,153.436,680.197,32.181,26.926,1,0,0,0,0.0
00:12:07.163,1705283604831,134.132,160.16,113.623,166.594,603.354,29.664,25.91,1,0,0,0,0.0,154.641,153.725,679.359,31.4,27.561,1,0,0,0,0.0
00:12:07.180,1705283604848,133.227,160.603,112.815,167.296,595.658,29.855,25.416,1,0,0,0,0.0,153.64,153.91,674.112,31.656,27.127,1,0,0,0,0.0
00:12:07.196,1705283604864,133.065,160.825,112.801,167.269,595.139,29.69,25.535,1,0,0,0,0.0,153.328,154.381,675.691,31.681,27.169,1,0,0,0,0.0
00:12:07.213,1705283604881,133.035,160.787,112.676,167.257,589.738,29.476,25.487,1,0,0,0,0.0,153.394,154.317,668.459,31.48,27.05,1,0,0,0,0.0
00:12:07.230,1705283604898,133.077,160.779,112.78,167.293,592.031,29.512,25.555,1,0,0,0,0.0,153.374,154.265,663.349,31.485,26.839,1,0,0,0,0.0
00:12:07.246,1705283604914,133.138,160.863,112.781,167.384,585.1,29.261,25.472,1,0,0,0,0.0,153.496,154.343,657.816,30.966,27.061,1,0,0,0,0.0
00:12:07.263,1705283604931,133.134,160.745,112.76,167.215,589.099,29.525,25.418,1,0,0,0,0.0,153.508,154.275,660.981,31.433,26.787,1,0,0,0,0.0
00:12:07.280,1705283604948,133.073,160.853,112.615,167.364,584.001,29.457,25.256,1,0,0,0,0.0,153.531,154.343,656.708,30.958,27.023,1,0,0,0,0.0
00:12:07.296,1705283604964,133.163,160.718,112.68,167.185,588.548,29.477,25.435,1,0,0,0,0.0,153.646,154.252,665.08,31.517,26.882,1,0,0,0,0.0
00:12:07.313,1705283604981,133.134,160.772,112.677,167.382,586.625,29.286,25.517,1,0,0,0,0.0,153.59,154.162,662.831,31.405,26.887,1,0,0,0,0.0
00:12:07.330,1705283604998,133.221,160.582,112.781,167.043,593.563,29.559,25.581,1,0,0,0,0.0,153.661,154.12,661.028,31.326,26.881,1,0,0,0,0.0
00:12:07.346,1705283605014,135.63,160.526,116.425,166.804,579.913,30.03,24.6,1,0,0,0,0.0,154.835,154.247,671.35,31.246,27.37,1,0,0,0,0.0
00:12:07.363,1705283605031,148.039,162.825,130.145,169.742,599.978,30.332,25.198,0,383,1,0,0.0,165.934,155.908,753.943,33.581,28.601,0,367,1,0,0.0
00:12:07.380,1705283605048,159.345,165.478,141.774,171.999,601.774,31.486,24.347,0,0,1,0,0.0,176.917,158.957,746.066,32.302,29.422,0,0,1,0,0.0
00:12:07.396,1705283605064,170.498,167.061,153.603,172.998,729.09,31.51,29.476,0,0,1,0,0.0,187.394,161.124,728.056,31.42,29.518,0,0,1,0,0.0
00:12:07.413,1705283605081,175.972,167.571,158.093,173.267,805.77,32.994,31.111,0,0,1,0,0.0,193.851,161.876,809.921,32.807,31.449,0,0,1,0,0.0
00:12:07.430,1705283605098,176.173,167.479,157.88,173.271,805.932,32.891,31.214,1,0,0,67,17.986,194.465,161.686,826.419,33.296,31.618,1,0,0,67,16.307
00:12:07.446,1705283605114,176.042,167.232,157.594,173.029,821.463,33.231,31.491,1,0,0,0,0.0,194.489,161.435,833.409,33.13,32.046,1,0,0,0,0.0
00:12:07.463,1705283605131,176.007,167.256,157.391,173.07,824.811,33.335,31.52,1,0,0,0,0.0,194.624,161.443,838.249,33.18,32.183,1,0,0,0,0.0
00:12:07.480,1705283605148,175.877,167.104,157.131,172.91,835.268,33.476,31.786,1,0,0,0,0.0,194.622,161.299,839.056,33.295,32.103,1,0,0,0,0.0
00:12:07.496,1705283605164,175.762,167.062,156.843,172.823,837.355,33.459,31.881,1,0,0,0,0.0,194.681,161.301,848.805,33.565,32.214,1,0,0,0,0.0
00:12:07.513,1705283605181,175.756,167.047,156.7,172.821,842.933,33.671,31.891,1,0,0,0,0.0,194.812,161.273,853.955,33.527,32.447,1,0,0,0,0.0
00:12:07.530,1705283605198,175.707,167.104,156.517,172.799,844.131,33.594,32.009,1,0,0,0,0.0,194.898,161.408,854.181,33.597,32.388,1,0,0,0,0.0
00:12:07.546,1705283605214,175.702,166.916,156.443,172.687,852.943,33.943,32.012,1,0,0,0,0.0,194.961,161.145,878.285,33.918,32.986,1,0,0,0,0.0
00:12:07.563,1705283605231,175.689,166.947,156.304,172.705,861.805,33.904,32.381,1,0,0,0,0.0,195.075,161.19,881.622,34.023,33.009,1,0,0,0,0.0
00:12:07.580,1705283605248,175.69,166.901,156.197,172.718,858.182,34.041,32.115,1,0,0,0,0.0,195.183,161.085,878.861,33.879,33.046,1,0,0,0,0.0
00:12:07.596,1705283605264,175.698,166.865,156.136,172.596,855.814,33.817,32.238,1,0,0,0,0.0,195.261,161.133,884.029,34.129,32.997,1,0,0,0,0.0
00:12:07.613,1705283605281,175.722,166.76,156.114,172.544,852.187,33.853,32.068,1,0,0,0,0.0,195.33,160.976,884.071,33.941,33.182,1,0,0,0,0.0
00:12:07.630,1705283605298,175.695,166.71,156.091,172.394,846.797,33.794,31.92,1,0,0,0,0.0,195.299,161.027,874.82,33.889,32.884,1,0,0,0,0.0
00:12:07.646,1705283605314,175.767,166.566,156.12,172.366,837.411,33.527,31.818,1,0,0,0,0.0,195.414,160.766,873.452,33.841,32.879,1,0,0,0,0.0
00:12:07.663,1705283605331,175.759,166.385,156.092,172.056,830.992,33.621,31.486,1,0,0,0,0.0,195.426,160.714,871.822,33.74,32.917,1,0,0,0,0.0
00:12:07.680,1705283605348,176.278,165.404,156.746,170.814,824.801,33.444,31.416,1,0,0,0,0.0,195.811,159.995,858.688,33.744,32.417,1,0,0,0,0.0
00:12:07.696,1705283605364,176.722,164.641,157.059,170.408,824.925,33.334,31.525,1,0,0,0,0.0,196.386,158.874,850.888,33.54,32.318,1,0,0,0,0.0
00:12:07.713,1705283605381,176.66,164.481,156.893,170.253,817.409,33.349,31.224,1,0,0,0,0.0,196.428,158.709,850.372,33.531,32.307,1,0,0,0,0.0
00:12:07.730,1705283605398,176.717,164.34,156.865,170.067,819.312,33.207,31.43,1,0,0,0,0.0,196.569,158.614,855.541,33.617,32.42,1,0,0,0,0.0
00:12:07.746,1705283605414,176.648,164.064,156.757,169.812,817.101,33.085,31.461,1,0,0,0,0.0,196.539,158.316,853.209,33.665,32.286,1,0,0,0,0.0
00:12:07.763,1705283605431,176.55,163.947,156.627,169.709,817.839,33.322,31.266,1,0,0,0,0.0,196.473,158.185,855.721,33.558,32.484,1,0,0,0,0.0
00:12:07.780,1705283605448,176.508,163.639,156.557,169.415,822.534,33.328,31.439,1,0,0,0,0.0,196.459,157.862,857.653,33.594,32.523,1,0,0,0,0.0
00:12:07.796,1705283605464,176.473,163.314,156.541,169.025,826.555,33.383,31.541,1,0,0,0,0.0,196.404,157.602,864.634,33.833,32.556,1,0,0,0,0.0
00:12:07.813,1705283605481,176.423,163.028,156.394,168.797,835.916,33.593,31.699,1,0,0,0,0.0,196.452,157.259,871.453,34.011,32.641,1,0,0,0,0.0
00:12:07.830,1705283605498,176.432,162.804,156.443,168.489,833.064,33.575,31.607,1,0,0,0,0.0,196.421,157.12,874.832,34.034,32.745,1,0,0,0,0.0
00:12:07.846,1705283605514,176.388,162.506,156.375,168.252,842.821,33.699,31.86,1,0,0,0,0.0,196.402,156.76,879.636,34.123,32.839,1,0,0,0,0.0
00:12:07.863,1705283605531,176.401,162.147,156.383,167.847,840.964,33.604,31.88,1,0,0,0,0.0,196.42,156.447,885.249,34.384,32.797,1,0,0,0,0.0
00:12:07.880,1705283605548,176.413,161.836,156.422,167.522,846.563,33.954,31.761,1,0,0,0,0.0,196.403,156.151,887.941,34.335,32.944,1,0,0,0,0.0
00:12:07.896,1705283605564,176.374,161.631,156.289,167.35,847.815,33.841,31.914,1,0,0,0,0.0,196.458,155.913,897.721,34.387,33.256,1,0,0,0,0.0
00:12:07.913,1705283605581,176.414,161.381,156.312,167.126,862.944,34.009,32.324,1,0,0,0,0.0,196.517,155.636,898.204,34.627,33.044,1,0,0,0,0.0
00:12:07.930,1705283605598,176.416,161.253,156.277,166.945,866.174,34.229,32.236,1,0,0,0,0.0,196.554,155.561,915.961,34.774,33.555,1,0,0,0,0.0
00:12:07.946,1705283605614,176.473,161.021,156.383,166.734,872.814,34.318,32.399,1,0,0,0,0.0,196.562,155.309,914.839,34.783,33.505,1,0,0,0,0.0
00:12:07.963,1705283605631,176.534,160.912,156.4,166.663,881.753,34.469,32.588,1,0,0,0,0.0,196.667,155.162,921.165,34.97,33.557,1,0,0,0,0.0
00:12:07.980,1705283605648,176.598,160.84,156.423,166.6,893.247,34.779,32.718,1,0,0,0,0.0,196.773,155.08,936.937,35.186,33.921,1,0,0,0,0.0
00:12:07.996,1705283605664,176.585,160.693,156.432,166.483,895.008,34.781,32.78,1,0,0,0,0.0,196.737,154.902,935.004,35.334,33.71,1,0,0,0,0.0
00:12:08.013,1705283605681,176.641,160.637,156.436,166.408,904.838,34.882,33.045,1,0,0,0,0.0,196.846,154.867,950.548,35.363,34.241,1,0,0,0,0.0
00:12:08.030,1705283605698,176.607,160.575,156.334,166.296,906.373,34.991,32.998,1,0,0,0,0.0,196.88,154.854,950.075,35.526,34.068,1,0,0,0,0.0
00:12:08.046,1705283605714,176.524,160.56,156.25,166.382,915.036,35.039,33.267,1,0,0,0,0.0,196.798,154.738,961.743,35.618,34.397,1,0,0,0,0.0
00:12:08.063,1705283605731,176.546,160.457,156.229,166.205,922.428,35.22,33.364,1,0,0,0,0.0,196.863,154.708,971.578,35.838,34.535,1,0,0,0,0.0
00:12:08.080,1705283605748,176.549,160.533,156.207,166.316,934.136,35.566,33.458,1,0,0,0,0.0,196.891,154.751,971.969,35.791,34.594,1,0,0,0,0.0
00:12:08.096,1705283605764,176.527,160.501,156.188,166.314,936.408,35.574,33.532,1,0,0,0,0.0,196.866,154.689,981.659,35.879,34.854,1,0,0,0,0.0
00:12:08.113,1705283605781,176.471,160.506,156.165,166.34,943.288,35.587,33.766,1,0,0,0,0.0,196.776,154.672,979.5,36.043,34.619,1,0,0,0,0.0
00:12:08.130,1705283605798,176.542,160.398,156.207,166.153,944.119,35.906,33.496,1,0,0,0,0.0,196.877,154.644,991.198,36.202,34.878,1,0,0,0,0.0
00:12:08.146,1705283605814,176.536,160.589,156.144,166.421,944.521,35.724,33.681,1,0,0,0,0.0,196.928,154.757,987.916,36.121,34.841,1,0,0,0,0.0
00:12:08.163,1705283605831,176.603,160.53,156.247,166.318,949.799,35.889,33.713,1,0,0,0,0.0,196.959,154.741,999.081,36.269,35.091,1,0,0,0,0.0
00:12:08.180,1705283605848,176.446,160.056,155.899,165.421,927.134,35.653,33.127,1,0,0,0,0.0,196.993,154.692,997.697,36.318,34.995,1,0,0,0,0.0
00:12:08.196,1705283605864,175.798,155.283,155.453,159.43,881.091,35.598,31.53,0,766,1,0,0.0,196.143,151.135,918.937,35.94,32.572,1,0,0,0,0.0
00:12:08.213,1705283605881,174.195,147.058,154.722,151.332,817.941,35.023,29.751,0,0,1,0,0.0,193.669,142.785,913.799,35.606,32.694,0,783,1,0,0.0
00:12:08.230,1705283605898,173.018,140.938,153.877,145.838,826.883,34.784,30.282,0,0,1,0,0.0,192.159,136.038,882.983,35.712,31.497,0,0,1,0,0.0
00:12:08.246,1705283605914,172.279,139.671,153.128,145.282,847.175,34.845,30.971,1,0,0,50,9.442,191.429,134.06,894.767,35.586,32.031,1,0,0,33,8.795
00:12:08.263,1705283605931,172.396,140.033,152.698,145.98,861.029,35.159,31.197,1,0,0,0,0.0,192.094,134.087,896.979,35.969,31.768,1,0,0,0,0.0
00:12:08.280,1705283605948,172.446,140.261,152.417,146.141,851.415,35.322,30.707,1,0,0,0,0.0,192.476,134.381,890.602,35.967,31.544,1,0,0,0,0.0
00:12:08.296,1705283605964,172.493,140.513,152.295,146.422,858.484,35.404,30.889,1,0,0,0,0.0,192.692,134.604,895.149,36.152,31.542,1,0,0,0,0.0
00:12:08.313,1705283605981,172.447,140.821,152.167,146.594,850.125,35.173,30.789,1,0,0,0,0.0,192.726,135.049,903.822,36.033,31.953,1,0,0,0,0.0
00:12:08.330,1705283605998,172.649,140.776,152.06,146.775,852.249,35.245,30.804,1,0,0,0,0.0,193.238,134.777,868.863,35.674,31.026,1,0,0,0,0.0
00:12:08.346,1705283606014,172.476,141.028,151.976,146.843,848.849,35.126,30.784,1,0,0,0,0.0,192.976,135.214,887.18,35.734,31.627,1,0,0,0,0.0
00:12:08.363,1705283606031,172.563,141.034,151.881,146.733,835.637,34.907,30.495,1,0,0,0,0.0,193.245,135.335,870.013,35.264,31.428,1,0,0,0,0.0
00:12:08.380,1705283606048,172.502,141.062,151.737,146.911,830.088,34.663,30.506,1,0,0,0,0.0,193.266,135.213,869.504,35.433,31.26,1,0,0,0,0.0
00:12:08.396,1705283606064,172.48,141.181,151.797,146.875,817.763,34.512,30.185,1,0,0,0,0.0,193.163,135.487,874.318,35.348,31.509,1,0,0,0,0.0
00:12:08.413,1705283606081,172.484,141.177,151.738,146.9,812.253,34.32,30.149,1,0,0,0,0.0,193.229,135.453,862.634,35.195,31.223,1,0,0,0,0.0
00:12:08.430,1705283606098,172.527,141.07,151.697,146.922,790.165,34.021,29.587,1,0,0,0,0.0,193.357,135.217,838.602,35.066,30.465,1,0,0,0,0.0
00:12:08.446,1705283606114,172.607,141.072,151.733,146.91,782.398,33.686,29.588,1,0,0,0,0.0,193.481,135.234,828.068,34.76,30.347,1,0,0,0,0.0
00:12:08.463,1705283606131,172.548,141.133,151.712,146.966,780.953,33.523,29.676,1,0,0,0,0.0,193.384,135.301,818.07,34.607,30.113,1,0,0,0,0.0
00:12:08.480,1705283606148,172.48,141.12,151.701,146.897,762.109,33.161,29.276,1,0,0,0,0.0,193.259,135.344,806.234,34.191,30.038,1,0,0,0,0.0
00:12:08.496,1705283606164,172.538,141.056,151.645,146.843,752.679,32.93,29.117,1,0,0,0,0.0,193.43,135.269,790.73,33.859,29.75,1,0,0,0,0.0
00:12:08.513,1705283606181,172.555,141.088,151.695,146.854,739.731,32.75,28.773,1,0,0,0,0.0,193.414,135.322,780.902,33.527,29.671,1,0,0,0,0.0
00:12:08.530,1705283606198,172.519,140.971,151.594,146.706,729.325,32.402,28.674,1,0,0,0,0.0,193.444,135.237,768.781,33.484,29.248,1,0,0,0,0.0
00:12:08.546,1705283606214,172.422,140.868,151.49,146.552,724.007,32.363,28.498,1,0,0,0,0.0,193.354,135.183,764.369,33.197,29.332,1,0,0,0,0.0
00:12:08.563,1705283606231,172.414,140.578,151.249,146.313,688.03,31.892,27.483,1,0,0,0,0.0,193.58,134.843,749.106,33.092,28.837,1,0,0,0,0.0
00:12:08.580,1705283606248,172.355,141.696,151.053,148.703,447.459,27.805,20.501,1,0,0,0,0.0,193.656,134.688,729.881,32.98,28.192,1,0,0,0,0.0
00:12:08.596,1705283606264,0.0,0.0,0.0,0.0,0.0,0.0,0.0,0,350,0,0,0.0,0.0,0.0,0.0,0.0,0.0,0,350,0,0,0.0
00:12:08.613,1705283606281,0.0,0.0,0.0,0.0,0.0,0.0,0.0,0,0,0,0,0.0,0.0,0.0,0.0,0.0,0.0,0,0,0,0,0.0
00:12:08.630,1705283606298,0.0,0.0,0.0,0.0,0.0,0.0,0.0,0,0,0,0,0.0,0.0,0.0,0.0,0.0,0.0,0,0,0,0,0.0
00:12:08.646,1705283606314,0.0,0.0,0.0,0.0,0.0,0.0,0.0,0,0,0,0,0.0,0.0,0.0,0.0,0.0,0.0,0,0,0,0,0.0
00:12:08.663,1705283606331,0.0,0.0,0.0,0.0,0.0,0.0,0.0,0,0,0,0,0.0,0.0,0.0,0.0,0.0,0.0,0,0,0,0,0.0
00:12:08.680,1705283606348,158.159,171.79,0.0,0.0,0.0,0.0,0.0,0,0,0,0,0.0,194.679,160.368,413.51,31.031,16.976,0,0,0,0,0.0
00:12:08.696,1705283606364,159.281,167.198,0.0,0.0,0.0,0.0,0.0,0,0,0,0,0.0,196.276,157.069,669.257,32.993,25.841,1,0,0,0,0.0
00:12:08.713,1705283606381,177.187,161.332,157.618,167.329,720.052,32.369,28.338,0,0,0,0,0.0,196.755,155.335,789.308,33.684,29.851,1,0,0,0,0.0
00:12:08.730,1705283606398,177.253,161.211,157.627,166.957,753.778,31.935,30.068,1,0,0,0,0.0,196.878,155.465,794.396,32.382,31.251,1,0,0,0,0.0
00:12:08.746,1705283606414,177.289,161.559,157.514,167.348,752.679,32.083,29.886,1,0,0,0,0.0,197.064,155.77,801.153,32.555,31.349,1,0,0,0,0.0
00:12:08.763,1705283606431,177.297,161.758,157.555,167.507,765.433,32.309,30.18,1,0,0,0,0.0,197.039,156.009,802.292,32.723,31.232,1,0,0,0,0.0
00:12:08.780,1705283606448,177.337,161.988,157.537,167.748,766.149,32.306,30.211,1,0,0,0,0.0,197.137,156.227,808.288,32.914,31.284,1,0,0,0,0.0
00:12:08.796,1705283606464,177.371,161.974,157.51,167.706,762.55,32.313,30.062,1,0,0,0,0.0,197.233,156.241,799.212,32.775,31.064,1,0,0,0,0.0
00:12:08.813,1705283606481,177.419,162.109,157.431,167.855,770.544,32.334,30.358,1,0,0,0,0.0,197.408,156.362,811.94,32.889,31.449,1,0,0,0,0.0
00:12:08.830,1705283606498,177.439,162.059,157.44,167.706,777.797,32.558,30.432,1,0,0,0,0.0,197.439,156.412,819.442,33.024,31.61,1,0,0,0,0.0
00:12:08.846,1705283606514,177.445,161.957,157.432,167.611,780.69,32.623,30.485,1,0,0,0,0.0,197.458,156.303,830.024,33.314,31.739,1,0,0,0,0.0
00:12:08.863,1705283606531,177.478,161.904,157.406,167.531,785.957,32.896,30.436,1,0,0,0,0.0,197.549,156.277,833.707,33.342,31.853,1,0,0,0,0.0
00:12:08.880,1705283606548,177.321,161.872,157.133,167.535,784.937,32.733,30.547,1,0,0,0,0.0,197.509,156.209,840.979,33.454,32.024,1,0,0,0,0.0
00:12:08.896,1705283606564,175.199,162.016,154.305,167.738,803.344,32.998,31.013,1,0,0,0,0.0,196.093,156.295,835.388,33.589,31.683,1,0,0,0,0.0
00:12:08.913,1705283606581,173.581,162.055,153.373,167.743,811.529,33.213,31.127,1,0,0,0,0.0,193.788,156.367,853.558,33.949,32.028,1,0,0,0,0.0
00:12:08.930,1705283606598,173.48,162.023,153.397,167.755,820.203,33.504,31.186,1,0,0,0,0.0,193.564,156.292,868.678,34.012,32.536,1,0,0,0,0.0
00:12:08.946,1705283606614,173.488,162.01,153.315,167.777,825.234,33.332,31.539,1,0,0,0,0.0,193.662,156.244,874.715,34.126,32.652,1,0,0,0,0.0
00:12:08.963,1705283606631,173.463,162.01,153.255,167.767,835.725,33.521,31.76,1,0,0,0,0.0,193.671,156.253,886.211,34.303,32.911,1,0,0,0,0.0
00:12:08.980,1705283606648,173.491,161.933,153.296,167.698,843.804,33.661,31.933,1,0,0,0,0.0,193.687,156.168,892.22,34.504,32.941,1,0,0,0,0.0
00:12:08.996,1705283606664,173.433,161.96,153.14,167.745,853.831,34.008,31.983,1,0,0,0,0.0,193.726,156.176,902.753,34.744,33.1,1,0,0,0,0.0
00:12:09.013,1705283606681,173.427,161.946,153.098,167.699,871.551,34.29,32.379,1,0,0,0,0.0,193.756,156.194,922.375,34.959,33.611,1,0,0,0,0.0
00:12:09.030,1705283606698,173.428,161.918,153.096,167.714,880.074,34.476,32.518,1,0,0,0,0.0,193.76,156.123,924.2,35.066,33.574,1,0,0,0,0.0
00:12:09.046,1705283606714,173.343,161.962,152.901,167.728,892.827,34.545,32.924,1,0,0,0,0.0,193.785,156.195,949.392,35.37,34.194,1,0,0,0,0.0
00:12:09.063,1705283606731,173.319,161.988,152.857,167.717,903.401,34.771,33.098,1,0,0,0,0.0,193.781,156.26,952.668,35.533,34.154,1,0,0,0,0.0
00:12:09.080,1705283606748,173.417,160.965,153.009,166.078,886.022,34.833,32.403,1,0,0,0,0.0,193.826,155.853,967.337,35.776,34.444,1,0,0,0,0.0
00:12:09.096,1705283606764,173.579,153.96,153.784,157.236,819.004,34.125,30.573,0,366,1,0,0.0,193.374,150.684,886.14,35.73,31.594,0,400,1,0,0.0
00:12:09.113,1705283606781,173.293,145.1,154.34,148.755,794.496,35.277,28.69,0,0,1,0,0.0,192.246,141.444,852.459,35.539,30.556,0,0,1,0,0.0
00:12:09.130,1705283606798,172.956,140.397,153.976,145.691,840.755,35.006,30.596,1,0,0,34,7.535,191.937,135.102,880.728,35.716,31.413,0,0,1,0,0.0
00:12:09.146,1705283606814,172.908,140.548,153.348,146.233,860.908,35.429,30.955,1,0,0,0,0.0,192.468,134.863,931.728,36.122,32.859,1,0,0,50,8.55
00:12:09.163,1705283606831,173.068,141.082,153.13,146.634,863.533,35.542,30.95,1,0,0,0,0.0,193.007,135.531,935.626,36.225,32.902,1,0,0,0,0.0
00:12:09.180,1705283606848,173.092,141.008,153.016,146.692,864.299,35.624,30.907,1,0,0,0,0.0,193.168,135.325,928.318,36.767,32.164,1,0,0,0,0.0
00:12:09.196,1705283606864,173.195,141.143,152.909,146.868,875.182,35.965,30.999,1,0,0,0,0.0,193.48,135.419,924.457,36.421,32.334,1,0,0,0,0.0
00:12:09.213,1705283606881,173.351,141.647,152.862,147.052,877.115,35.922,31.104,1,0,0,0,0.0,193.84,136.243,922.281,36.361,32.311,1,0,0,0,0.0
00:12:09.230,1705283606898,173.405,141.29,152.738,147.049,881.56,36.024,31.174,1,0,0,0,0.0,194.071,135.531,922.246,36.574,32.122,1,0,0,0,0.0
00:12:09.246,1705283606914,173.448,141.634,152.733,147.183,876.595,35.986,31.031,1,0,0,0,0.0,194.162,136.085,948.606,36.469,33.135,1,0,0,0,0.0
00:12:09.263,1705283606931,173.436,141.627,152.683,147.363,881.55,35.802,31.366,1,0,0,0,0.0,194.189,135.891,941.854,36.604,32.778,1,0,0,0,0.0
00:12:09.280,1705283606948,173.551,141.711,152.788,147.362,881.504,36.002,31.191,1,0,0,0,0.0,194.314,136.06,949.073,36.548,33.08,1,0,0,0,0.0
00:12:09.296,1705283606964,173.655,141.772,152.822,147.434,870.223,35.66,31.087,1,0,0,0,0.0,194.487,136.11,937.267,36.255,32.933,1,0,0,0,0.0
00:12:09.313,1705283606981,173.802,141.701,152.91,147.422,861.266,35.546,30.866,1,0,0,0,0.0,194.694,135.981,928.152,36.349,32.528,1,0,0,0,0.0
00:12:09.330,1705283606998,173.781,141.657,152.892,147.351,844.191,35.169,30.578,1,0,0,0,0.0,194.671,135.964,912.707,35.984,32.311,1,0,0,0,0.0
00:12:09.346,1705283607014,174.03,141.359,153.001,147.316,831.0,34.871,30.357,1,0,0,0,0.0,195.059,135.402,873.077,36.078,30.827,1,0,0,0,0.0
00:12:09.363,1705283607031,173.967,141.654,153.042,147.368,807.526,34.601,29.73,1,0,0,0,0.0,194.892,135.94,881.033,35.269,31.822,1,0,0,0,0.0
00:12:09.380,1705283607048,174.063,141.44,153.045,147.33,796.618,34.224,29.651,1,0,0,0,0.0,195.082,135.549,852.036,35.319,30.732,1,0,0,0,0.0
00:12:09.396,1705283607064,173.996,141.45,153.005,147.215,783.727,33.869,29.477,1,0,0,0,0.0,194.986,135.684,837.005,34.661,30.762,1,0,0,0,0.0
00:12:09.413,1705283607081,173.994,141.063,152.833,146.833,765.864,33.493,29.129,1,0,0,0,0.0,195.155,135.293,817.654,34.596,30.107,1,0,0,0,0.0
00:12:09.430,1705283607098,173.83,140.537,152.486,146.16,726.396,32.867,28.154,1,0,0,0,0.0,195.175,134.913,800.587,34.261,29.767,1,0,0,0,0.0
00:12:09.446,1705283607114,170.656,141.834,145.93,148.844,274.369,25.049,13.953,0,316,1,0,0.0,195.383,134.824,745.995,34.061,27.901,1,0,0,0,0.0
00:12:09.463,1705283607131,166.73,150.143,0.0,0.0,0.0,0.0,0.0,0,0,0,17,2.909,203.725,140.014,269.063,20.199,16.969,0,317,1,0,0.0
00:12:09.480,1705283607148,0.0,0.0,0.0,0.0,0.0,0.0,0.0,0,0,0,0,0.0,0.0,0.0,0.0,0.0,0.0,0,0,0,17,4.15
00:12:09.496,1705283607164,0.0,0.0,0.0,0.0,0.0,0.0,0.0,0,0,0,0,0.0,0.0,0.0,0.0,0.0,0.0,0,0,0,0,0.0
00:12:09.513,1705283607181,261.949,173.92,225.429,185.342,322.551,26.112,15.736,0,0,0,0,0.0,0.0,0.0,0.0,0.0,0.0,0,0,0,0,0.0
00:12:09.530,1705283607198,260.702,174.835,224.182,186.256,291.666,24.954,14.89,1,0,0,0,0.0,0.0,0.0,0.0,0.0,0.0,0,0,0,0,0.0
00:12:09.546,1705283607214,264.219,181.857,227.7,193.278,221.526,19.679,14.34,0,16,1,0,0.0,0.0,0.0,0.0,0.0,0.0,0,0,0,0,0.0
00:12:09.563,1705283607231,0.0,0.0,0.0,0.0,0.0,0.0,0.0,0,0,0,17,3.141,0.0,0.0,0.0,0.0,0.0,0,0,0,0,0.0
00:12:09.580,1705283607248,0.0,0.0,0.0,0.0,0.0,0.0,0.0,0,0,0,0,0.0,0.0,0.0,0.0,0.0,0.0,0,0,0,0,0.0
00:12:09.596,1705283607264,0.0,0.0,0.0,0.0,0.0,0.0,0.0,0,0,0,0,0.0,0.0,0.0,0.0,0.0,0.0,0,0,0,0,0.0
00:12:09.613,1705283607281,0.0,0.0,0.0,0.0,0.0,0.0,0.0,0,0,0,0,0.0,0.0,0.0,0.0,0.0,0.0,0,0,0,0,0.0
00:12:09.630,1705283607298,0.0,0.0,0.0,0.0,0.0,0.0,0.0,0,0,0,0,0.0,0.0,0.0,0.0,0.0,0.0,0,0,0,0,0.0
00:12:09.646,1705283607314,0.0,0.0,0.0,0.0,0.0,0.0,0.0,0,0,0,0,0.0,0.0,0.0,0.0,0.0,0.0,0,0,0,0,0.0
00:12:09.663,1705283607331,0.0,0.0,0.0,0.0,0.0,0.0,0.0,0,0,0,0,0.0,0.0,0.0,0.0,0.0,0.0,0,0,0,0,0.0
00:12:09.680,1705283607348,0.0,0.0,0.0,0.0,0.0,0.0,0.0,0,0,0,0,0.0,0.0,0.0,0.0,0.0,0.0,0,0,0,0,0.0
00:12:09.696,1705283607364,0.0,0.0,0.0,0.0,0.0,0.0,0.0,0,0,0,0,0.0,0.0,0.0,0.0,0.0,0.0,0,0,0,0,0.0
00:12:09.713,1705283607381,0.0,0.0,0.0,0.0,0.0,0.0,0.0,0,0,0,0,0.0,0.0,0.0,0.0,0.0,0.0,0,0,0,0,0.0
00:12:09.730,1705283607398,0.0,0.0,0.0,0.0,0.0,0.0,0.0,0,0,0,0,0.0,0.0,0.0,0.0,0.0,0.0,0,0,0,0,0.0
00:12:09.746,1705283607414,0.0,0.0,0.0,0.0,0.0,0.0,0.0,0,0,0,0,0.0,0.0,0.0,0.0,0.0,0.0,0,0,0,0,0.0
00:12:09.763,1705283607431,0.0,0.0,0.0,0.0,0.0,0.0,0.0,0,0,0,0,0.0,0.0,0.0,0.0,0.0,0.0,0,0,0,0,0.0
00:12:09.780,1705283607448,0.0,0.0,0.0,0.0,0.0,0.0,0.0,0,0,0,0,0.0,0.0,0.0,0.0,0.0,0.0,0,0,0,0,0.0
00:12:09.796,1705283607464,160.91,146.226,0.0,0.0,0.0,0.0,0.0,0,0,0,0,0.0,197.904,136.097,744.229,32.87,28.843,0,0,0,0,0.0
00:12:09.813,1705283607481,160.924,145.662,0.0,0.0,0.0,0.0,0.0,0,0,0,0,0.0,197.919,135.533,747.545,32.882,28.961,1,0,0,0,0.0
00:12:09.830,1705283607498,160.931,145.678,0.0,0.0,0.0,0.0,0.0,0,0,0,0,0.0,197.926,135.549,758.055,32.948,29.309,1,0,0,0,0.0
00:12:09.846,1705283607514,160.879,145.605,0.0,0.0,0.0,0.0,0.0,0,0,0,0,0.0,197.873,135.475,762.437,33.199,29.255,1,0,0,0,0.0
00:12:09.863,1705283607531,160.792,145.652,0.0,0.0,0.0,0.0,0.0,0,0,0,0,0.0,197.787,135.523,772.545,33.416,29.451,1,0,0,0,0.0
00:12:09.880,1705283607548,160.94,145.634,0.0,0.0,0.0,0.0,0.0,0,0,0,0,0.0,197.935,135.505,780.126,33.472,29.69,1,0,0,0,0.0
00:12:09.896,1705283607564,160.959,145.569,0.0,0.0,0.0,0.0,0.0,0,0,0,0,0.0,197.954,135.44,783.747,33.78,29.556,1,0,0,0,0.0
00:12:09.913,1705283607581,176.314,141.355,154.716,147.064,779.279,34.06,29.146,0,0,0,0,0.0,197.911,135.646,801.427,33.842,30.167,1,0,0,0,0.0
00:12:09.930,1705283607598,176.254,141.351,154.701,147.073,792.629,34.234,29.495,1,0,0,0,0.0,197.808,135.628,810.506,34.156,30.228,1,0,0,0,0.0
00:12:09.946,1705283607614,176.363,141.255,154.698,146.996,798.51,34.398,29.572,1,0,0,0,0.0,198.027,135.514,812.301,34.206,30.252,1,0,0,0,0.0
00:12:09.963,1705283607631,176.28,141.359,154.627,147.09,801.978,34.524,29.592,1,0,0,0,0.0,197.933,135.628,825.117,34.152,30.778,1,0,0,0,0.0
00:12:09.980,1705283607648,176.27,141.339,154.621,147.131,807.031,34.504,29.796,1,0,0,0,0.0,197.918,135.546,816.058,34.347,30.266,1,0,0,0,0.0
00:12:09.996,1705283607664,176.255,141.374,154.608,147.081,803.879,34.468,29.71,1,0,0,0,0.0,197.901,135.667,834.69,34.493,30.826,1,0,0,0,0.0
00:12:10.013,1705283607681,176.305,141.382,154.686,147.108,806.769,34.615,29.691,1,0,0,0,0.0,197.924,135.656,832.561,34.451,30.785,1,0,0,0,0.0
00:12:10.030,1705283607698,176.304,141.271,154.702,146.906,790.939,34.463,29.236,1,0,0,0,0.0,197.906,135.635,834.438,34.495,30.815,1,0,0,0,0.0
00:12:10.046,1705283607714,176.296,141.264,154.728,146.98,794.35,34.431,29.389,1,0,0,0,0.0,197.864,135.549,827.324,34.5,30.548,1,0,0,0,0.0
00:12:10.063,1705283607731,176.696,142.589,155.505,149.142,795.143,34.239,29.584,1,0,0,0,0.0,197.888,136.037,831.057,34.524,30.665,1,0,0,0,0.0
00:12:10.080,1705283607748,176.983,149.37,157.086,156.976,833.42,34.25,30.998,0,150,1,0,0.0,196.88,141.764,838.257,34.094,31.321,0,267,1,0,0.0
00:12:10.096,1705283607764,176.854,156.905,158.546,164.129,838.335,34.173,31.251,0,0,1,0,0.0,195.162,149.681,859.168,34.372,31.842,0,0,1,0,0.0
00:12:10.113,1705283607781,177.086,160.575,158.669,166.511,858.067,33.913,32.232,1,0,0,33,6.908,195.503,154.638,905.001,34.411,33.503,0,0,1,0,0.0
00:12:10.130,1705283607798,177.324,160.754,158.256,166.458,848.011,33.78,31.98,1,0,0,0,0.0,196.392,155.05,895.938,34.255,33.318,1,0,0,50,7.677
00:12:10.146,1705283607814,177.413,160.702,158.138,166.38,837.591,33.825,31.544,1,0,0,0,0.0,196.688,155.023,887.975,34.203,33.072,1,0,0,0,0.0
00:12:10.163,1705283607831,177.457,160.601,158.063,166.143,839.221,33.884,31.551,1,0,0,0,0.0,196.85,155.06,880.021,34.23,32.75,1,0,0,0,0.0
00:12:10.180,1705283607848,177.465,160.579,157.899,166.273,828.981,33.723,31.315,1,0,0,0,0.0,197.03,154.885,872.935,33.933,32.771,1,0,0,0,0.0
00:12:10.196,1705283607864,177.339,160.534,157.742,166.199,814.408,33.518,30.953,1,0,0,0,0.0,196.937,154.868,871.09,34.001,32.637,1,0,0,0,0.0
00:12:10.213,1705283607881,177.329,160.429,157.638,166.117,820.038,33.422,31.256,1,0,0,0,0.0,197.019,154.74,867.66,34.021,32.489,1,0,0,0,0.0
00:12:10.230,1705283607898,177.32,160.497,157.578,166.05,817.039,33.463,31.104,1,0,0,0,0.0,197.062,154.944,871.549,34.078,32.58,1,0,0,0,0.0
00:12:10.246,1705283607914,177.397,160.401,157.58,166.064,814.08,33.427,31.024,1,0,0,0,0.0,197.213,154.737,861.728,33.637,32.635,1,0,0,0,0.0
00:12:10.263,1705283607931,177.414,160.39,157.557,165.998,810.857,33.141,31.168,1,0,0,0,0.0,197.271,154.783,853.86,33.601,32.372,1,0,0,0,0.0
00:12:10.280,1705283607948,177.403,160.521,157.419,166.212,818.421,33.509,31.113,1,0,0,0,0.0,197.386,154.83,855.321,33.542,32.484,1,0,0,0,0.0
00:12:10.296,1705283607964,177.452,160.704,157.389,166.251,805.274,33.107,30.985,1,0,0,0,0.0,197.514,155.156,847.715,33.541,32.196,1,0,0,0,0.0
00:12:10.313,1705283607981,177.467,160.736,157.358,166.368,801.597,33.068,30.88,1,0,0,0,0.0,197.576,155.104,845.742,33.454,32.204,1,0,0,0,0.0
00:12:10.330,1705283607998,177.491,160.83,157.378,166.404,794.225,33.119,30.549,1,0,0,0,0.0,197.605,155.255,838.703,33.221,32.16,1,0,0,0,0.0
00:12:10.346,1705283608014,177.273,160.319,156.937,165.533,782.004,32.773,30.397,1,0,0,0,0.0,197.609,155.105,822.697,33.175,31.591,1,0,0,0,0.0
00:12:10.363,1705283608031,175.871,154.651,155.571,158.753,707.58,31.439,28.671,0,250,1,0,0.0,196.171,150.549,720.554,32.307,28.412,0,233,1,0,0.0
00:12:10.380,1705283608048,174.397,146.966,155.136,150.588,656.906,32.625,25.65,0,0,1,0,0.0,193.658,143.343,713.974,31.927,28.488,0,0,1,0,0.0
00:12:10.396,1705283608064,174.283,142.683,155.145,148.297,697.474,32.204,27.59,1,0,0,33,6.328,193.421,137.068,679.412,32.411,26.703,0,0,1,0,0.0
00:12:10.413,1705283608081,174.23,142.665,154.508,148.599,698.718,32.271,27.581,1,0,0,0,0.0,193.952,136.731,713.794,32.386,28.077,1,0,0,50,7.314
00:12:10.430,1705283608098,174.358,143.07,154.238,149.037,703.498,32.202,27.83,1,0,0,0,0.0,194.478,137.104,719.543,32.806,27.941,1,0,0,0,0.0
00:12:10.446,1705283608114,174.282,143.249,154.015,149.074,705.546,32.443,27.703,1,0,0,0,0.0,194.549,137.423,733.958,32.845,28.466,1,0,0,0,0.0
00:12:10.463,1705283608131,174.394,143.289,153.967,149.169,713.525,32.61,27.873,1,0,0,0,0.0,194.82,137.408,726.892,32.925,28.124,1,0,0,0,0.0
00:12:10.480,1705283608148,174.4,143.391,153.789,149.322,716.801,32.575,28.031,1,0,0,0,0.0,195.012,137.459,738.909,32.882,28.626,1,0,0,0,0.0
00:12:10.496,1705283608164,174.419,143.392,153.796,149.093,714.252,32.646,27.871,1,0,0,0,0.0,195.042,137.691,740.911,32.797,28.778,1,0,0,0,0.0
00:12:10.513,1705283608181,174.438,143.369,153.703,149.219,726.314,32.871,28.147,1,0,0,0,0.0,195.172,137.52,738.1,33.041,28.457,1,0,0,0,0.0
00:12:10.530,1705283608198,174.475,143.434,153.641,149.193,725.644,32.948,28.056,1,0,0,0,0.0,195.31,137.675,746.956,32.985,28.848,1,0,0,0,0.0
00:12:10.546,1705283608214,174.433,143.384,153.536,149.253,734.47,33.049,28.31,1,0,0,0,0.0,195.329,137.516,748.309,33.158,28.749,1,0,0,0,0.0
00:12:10.563,1705283608231,174.448,143.538,153.447,149.267,739.159,33.175,28.383,1,0,0,0,0.0,195.449,137.809,750.358,32.75,29.186,1,0,0,0,0.0
00:12:10.580,1705283608248,174.373,143.544,153.491,149.419,742.933,33.17,28.532,1,0,0,0,0.0,195.254,137.669,757.595,32.893,29.34,1,0,0,0,0.0
00:12:10.596,1705283608264,174.316,143.396,153.263,149.111,728.075,33.156,27.973,1,0,0,0,0.0,195.368,137.681,755.79,33.514,28.728,1,0,0,0,0.0
00:12:10.613,1705283608281,174.281,143.747,153.336,149.387,742.006,33.149,28.514,1,0,0,0,0.0,195.227,138.107,776.926,32.876,30.104,1,0,0,0,0.0
00:12:10.630,1705283608298,174.447,143.635,153.372,149.339,734.069,33.156,28.204,1,0,0,0,0.0,195.523,137.931,762.109,32.902,29.507,1,0,0,0,0.0
00:12:10.646,1705283608314,174.459,143.552,153.414,149.416,729.775,32.917,28.242,1,0,0,0,0.0,195.504,137.689,752.245,33.263,28.809,1,0,0,0,0.0
00:12:10.663,1705283608331,174.343,143.782,153.414,149.329,722.547,32.857,28.013,1,0,0,0,0.0,195.271,138.235,768.229,32.732,29.898,1,0,0,0,0.0
00:12:10.680,1705283608348,174.433,143.522,153.428,149.488,724.579,32.743,28.19,1,0,0,0,0.0,195.437,137.556,730.329,32.995,28.196,1,0,0,0,0.0
00:12:10.696,1705283608364,174.479,143.601,153.365,149.374,700.609,32.268,27.659,1,0,0,0,0.0,195.593,137.827,734.1,32.678,28.618,1,0,0,0,0.0
00:12:10.713,1705283608381,174.512,143.615,153.454,149.49,703.236,32.199,27.822,1,0,0,0,0.0,195.57,137.74,721.557,32.528,28.259,1,0,0,0,0.0
00:12:10.730,1705283608398,174.508,143.765,153.426,149.501,689.383,31.997,27.446,1,0,0,0,0.0,195.59,138.029,731.211,32.156,28.967,1,0,0,0,0.0
00:12:10.746,1705283608414,174.59,143.611,153.472,149.535,685.137,31.667,27.561,1,0,0,0,0.0,195.707,137.687,702.569,32.312,27.698,1,0,0,0,0.0
00:12:10.763,1705283608431,174.6,143.722,153.503,149.531,684.711,31.839,27.395,1,0,0,0,0.0,195.698,137.913,710.419,32.081,28.21,1,0,0,0,0.0
00:12:10.780,1705283608448,174.644,143.758,153.529,149.631,686.933,31.779,27.536,1,0,0,0,0.0,195.758,137.886,699.513,31.995,27.851,1,0,0,0,0.0
00:12:10.796,1705283608464,174.584,143.748,153.456,149.509,672.505,31.733,26.997,1,0,0,0,0.0,195.712,137.987,704.51,31.791,28.231,1,0,0,0,0.0
00:12:10.813,1705283608481,174.705,143.875,153.666,149.636,676.717,31.699,27.196,1,0,0,0,0.0,195.743,138.115,700.052,31.767,28.073,1,0,0,0,0.0
00:12:10.830,1705283608498,174.809,143.931,153.659,149.782,676.987,31.627,27.268,1,0,0,0,0.0,195.959,138.08,696.862,31.695,28.008,1,0,0,0,0.0
00:12:10.846,1705283608514,174.893,143.926,153.772,149.85,670.254,31.475,27.127,1,0,0,0,0.0,196.014,138.002,687.71,31.713,27.624,1,0,0,0,0.0
00:12:10.863,1705283608531,174.889,143.982,153.731,149.762,670.248,31.389,27.201,1,0,0,0,0.0,196.047,138.202,696.63,31.704,27.991,1,0,0,0,0.0
00:12:10.880,1705283608548,175.068,144.037,153.9,149.887,670.943,31.622,27.028,1,0,0,0,0.0,196.237,138.186,686.811,31.638,27.654,1,0,0,0,0.0
00:12:10.896,1705283608564,175.072,144.119,154.006,149.867,670.528,31.546,27.077,1,0,0,0,0.0,196.138,138.371,695.29,31.406,28.203,1,0,0,0,0.0
00:12:10.913,1705283608581,175.176,144.003,154.119,149.923,666.242,31.356,27.067,1,0,0,0,0.0,196.233,138.083,676.929,31.393,27.469,1,0,0,0,0.0
00:12:10.930,1705283608598,175.375,144.024,154.215,149.904,670.469,31.451,27.157,1,0,0,0,0.0,196.536,138.144,675.551,31.379,27.425,1,0,0,0,0.0
00:12:10.946,1705283608614,175.339,144.114,154.245,149.985,666.051,31.316,27.093,1,0,0,0,0.0,196.432,138.244,683.123,31.415,27.701,1,0,0,0,0.0
00:12:10.963,1705283608631,175.24,144.186,153.957,150.016,665.96,31.456,26.969,1,0,0,0,0.0,196.524,138.356,678.264,31.056,27.821,1,0,0,0,0.0
00:12:10.980,1705283608648,171.038,144.795,147.059,151.401,603.024,29.635,25.922,0,584,1,0,0.0,195.018,138.188,644.823,30.446,26.98,1,0,0,0,0.0
00:12:10.996,1705283608664,160.735,147.415,137.458,154.303,570.082,28.376,25.592,0,0,1,0,0.0,184.012,140.526,574.926,28.953,25.296,0,583,1,0,0.0
00:12:11.013,1705283608681,151.0,150.099,129.11,157.339,575.843,28.258,25.959,0,0,1,0,0.0,172.89,142.858,581.386,29.895,24.774,0,0,1,0,0.0
00:12:11.030,1705283608698,143.132,153.925,121.846,160.382,548.753,28.105,24.873,0,0,1,0,0.0,164.418,147.468,604.388,29.653,25.964,0,0,1,0,0.0
00:12:11.046,1705283608714,136.349,156.04,116.175,162.687,555.344,28.629,24.711,0,0,1,0,0.0,156.522,149.393,620.136,31.195,25.324,0,0,1,0,0.0
00:12:11.063,1705283608731,133.54,157.027,114.06,163.347,563.68,29.027,24.737,1,0,0,83,15.934,153.02,150.707,622.412,30.729,25.802,1,0,0,67,16.27
00:12:11.080,1705283608748,133.531,157.029,113.769,163.42,555.722,28.786,24.593,1,0,0,0,0.0,153.293,150.638,625.633,30.499,26.131,1,0,0,0,0.0
00:12:11.096,1705283608764,133.648,156.9,113.791,163.25,559.794,28.986,24.602,1,0,0,0,0.0,153.504,150.549,631.366,30.591,26.292,1,0,0,0,0.0
00:12:11.113,1705283608781,133.828,156.852,113.898,163.218,565.665,28.943,24.897,1,0,0,0,0.0,153.757,150.485,633.235,30.772,26.214,1,0,0,0,0.0
00:12:11.130,1705283608798,133.847,156.892,113.876,163.317,566.451,28.927,24.945,1,0,0,0,0.0,153.818,150.466,634.492,30.716,26.314,1,0,0,0,0.0
00:12:11.146,1705283608814,133.812,156.809,113.733,163.274,569.606,29.097,24.937,1,0,0,0,0.0,153.891,150.345,633.269,30.731,26.25,1,0,0,0,0.0
00:12:11.163,1705283608831,133.82,156.849,113.663,163.259,561.825,28.869,24.791,1,0,0,0,0.0,153.978,150.44,636.553,30.733,26.385,1,0,0,0,0.0
00:12:11.180,1705283608848,133.813,156.729,113.646,163.224,568.44,29.035,24.94,1,0,0,0,0.0,153.98,150.234,625.692,30.578,26.067,1,0,0,0,0.0
00:12:11.196,1705283608864,133.791,156.751,113.59,163.11,570.44,29.245,24.848,1,0,0,0,0.0,153.993,150.392,634.59,30.591,26.426,1,0,0,0,0.0
00:12:11.213,1705283608881,133.744,156.622,113.556,163.079,566.885,29.04,24.867,1,0,0,0,0.0,153.932,150.164,623.698,30.641,25.93,1,0,0,0,0.0
00:12:11.230,1705283608898,133.786,156.818,113.474,163.211,562.402,28.777,24.896,1,0,0,0,0.0,154.098,150.425,632.943,30.559,26.385,1,0,0,0,0.0
00:12:11.246,1705283608914,133.703,156.764,113.377,163.197,567.254,29.096,24.835,1,0,0,0,0.0,154.03,150.331,621.517,30.473,25.982,1,0,0,0,0.0
00:12:11.263,1705283608931,133.657,156.887,113.374,163.411,557.305,28.877,24.585,1,0,0,0,0.0,153.941,150.363,619.105,30.226,26.092,1,0,0,0,0.0
00:12:11.280,1705283608948,133.761,157.893,113.698,164.592,569.118,29.142,24.878,1,0,0,0,0.0,153.825,151.194,618.88,30.321,26.001,1,0,0,0,0.0
00:12:11.296,1705283608964,133.713,158.549,113.6,164.874,568.059,29.006,24.948,1,0,0,0,0.0,153.825,152.224,619.395,30.194,26.133,1,0,0,0,0.0
00:12:11.313,1705283608981,133.746,158.724,113.532,165.225,567.792,29.007,24.935,1,0,0,0,0.0,153.96,152.223,623.456,30.327,26.189,1,0,0,0,0.0
00:12:11.330,1705283608998,133.737,158.692,113.474,165.113,567.877,28.889,25.041,1,0,0,0,0.0,154.001,152.271,619.799,30.241,26.108,1,0,0,0,0.0
00:12:11.346,1705283609014,133.765,158.633,113.566,165.087,567.843,29.129,24.833,1,0,0,0,0.0,153.963,152.179,616.764,30.146,26.063,1,0,0,0,0.0
00:12:11.363,1705283609031,133.824,158.617,113.574,164.964,578.095,29.379,25.067,1,0,0,0,0.0,154.075,152.27,623.233,30.256,26.24,1,0,0,0,0.0
00:12:11.380,1705283609048,133.836,158.737,113.576,165.171,576.048,29.239,25.098,1,0,0,0,0.0,154.096,152.304,624.395,30.281,26.267,1,0,0,0,0.0
00:12:11.396,1705283609064,133.798,158.591,113.467,164.952,573.098,29.232,24.975,1,0,0,0,0.0,154.129,152.23,623.19,30.286,26.213,1,0,0,0,0.0
00:12:11.413,1705283609081,133.749,158.734,113.365,165.17,579.84,29.429,25.099,1,0,0,0,0.0,154.132,152.298,630.999,30.38,26.459,1,0,0,0,0.0
00:12:11.430,1705283609098,133.846,158.619,113.476,165.102,594.127,29.696,25.487,1,0,0,0,0.0,154.215,152.135,630.055,30.509,26.308,1,0,0,0,0.0
00:12:11.446,1705283609114,133.94,158.614,113.52,165.116,601.4,29.844,25.671,1,0,0,0,0.0,154.361,152.113,637.631,30.679,26.476,1,0,0,0,0.0
00:12:11.463,1705283609131,133.895,158.756,113.425,165.304,595.83,29.602,25.641,1,0,0,0,0.0,154.365,152.207,646.137,30.891,26.646,1,0,0,0,0.0
00:12:11.480,1705283609148,133.991,158.65,113.469,165.09,608.095,30.217,25.636,1,0,0,0,0.0,154.514,152.21,656.641,30.94,27.036,1,0,0,0,0.0
00:12:11.496,1705283609164,134.065,158.58,113.613,164.998,616.52,30.058,26.128,1,0,0,0,0.0,154.516,152.162,657.223,31.111,26.911,1,0,0,0,0.0
00:12:11.513,1705283609181,134.06,158.645,113.622,165.107,625.906,30.368,26.255,1,0,0,0,0.0,154.499,152.184,658.424,31.13,26.944,1,0,0,0,0.0
00:12:11.530,1705283609198,134.043,158.699,113.546,165.142,632.017,30.768,26.167,1,0,0,0,0.0,154.54,152.255,668.737,31.564,26.99,1,0,0,0,0.0
00:12:11.546,1705283609214,134.09,158.731,113.491,165.219,629.651,30.644,26.175,1,0,0,0,0.0,154.69,152.243,671.489,31.317,27.315,1,0,0,0,0.0
00:12:11.563,1705283609231,134.141,158.854,113.643,165.204,642.648,30.845,26.541,1,0,0,0,0.0,154.639,152.505,673.038,31.452,27.26,1,0,0,0,0.0
00:12:11.580,1705283609248,134.13,158.654,113.607,165.265,639.86,30.59,26.647,1,0,0,0,0.0,154.653,152.044,669.257,31.654,26.934,1,0,0,0,0.0
00:12:11.596,1705283609264,134.229,158.787,113.667,165.154,653.068,31.004,26.833,1,0,0,0,0.0,154.791,152.42,684.376,31.826,27.393,1,0,0,0,0.0
00:12:11.613,1705283609281,134.355,158.704,113.812,165.182,655.366,31.043,26.894,1,0,0,0,0.0,154.898,152.225,690.225,32.061,27.425,1,0,0,0,0.0
00:12:11.630,1705283609298,134.345,158.809,113.718,165.227,650.236,31.053,26.674,1,0,0,0,0.0,154.972,152.391,697.619,32.066,27.714,1,0,0,0,0.0
00:12:11.646,1705283609314,134.343,158.668,113.685,165.052,654.066,31.077,26.811,1,0,0,0,0.0,155.001,152.283,708.93,32.557,27.739,1,0,0,0,0.0
00:12:11.663,1705283609331,134.352,158.77,113.721,165.248,662.013,31.162,27.063,1,0,0,0,0.0,154.984,152.291,707.066,32.46,27.749,1,0,0,0,0.0
00:12:11.680,1705283609348,134.344,158.748,113.731,165.213,674.1,31.519,27.244,1,0,0,0,0.0,154.956,152.284,711.685,32.81,27.632,1,0,0,0,0.0
00:12:11.696,1705283609364,134.221,158.708,113.77,164.969,676.024,31.457,27.376,1,0,0,0,0.0,154.673,152.447,698.371,32.777,27.142,1,0,0,0,0.0
00:12:11.713,1705283609381,134.381,158.677,113.766,165.166,680.51,31.633,27.404,1,0,0,0,0.0,154.997,152.188,712.378,32.881,27.599,1,0,0,0,0.0
00:12:11.730,1705283609398,134.433,158.645,113.722,165.072,680.907,31.698,27.364,1,0,0,0,0.0,155.144,152.218,719.621,32.7,28.034,1,0,0,0,0.0
00:12:11.746,1705283609414,135.525,158.551,115.458,164.93,661.615,31.343,26.89,1,0,0,0,0.0,155.592,152.171,720.671,32.787,28.001,1,0,0,0,0.0
00:12:11.763,1705283609431,144.382,158.962,126.06,164.652,607.051,31.181,24.801,0,700,1,0,0.0,162.703,153.272,688.504,33.547,26.145,0,700,1,0,0.0
00:12:11.780,1705283609448,157.465,158.953,138.344,165.041,685.056,32.586,26.781,0,0,1,0,0.0,176.586,152.865,781.271,32.838,30.308,0,0,1,0,0.0
00:12:11.796,1705283609464,168.511,159.779,150.105,165.71,800.718,33.215,30.71,0,0,1,0,0.0,186.916,153.849,765.838,32.727,29.81,0,0,1,0,0.0
00:12:11.813,1705283609481,175.5,160.156,156.524,165.981,841.532,33.586,31.918,0,0,1,0,0.0,194.475,154.33,827.655,33.106,31.847,0,0,1,0,0.0
00:12:11.830,1705283609498,177.06,160.596,157.666,166.396,855.86,34.213,31.867,1,0,0,67,17.151,196.454,154.796,847.795,33.625,32.119,1,0,0,67,16.109
00:12:11.846,1705283609514,176.928,160.529,157.517,166.294,864.244,33.881,32.494,1,0,0,0,0.0,196.339,154.765,851.304,33.493,32.379,1,0,0,0,0.0
00:12:11.863,1705283609531,176.901,160.586,157.454,166.309,859.764,34.069,32.148,1,0,0,0,0.0,196.349,154.863,848.665,33.393,32.375,1,0,0,0,0.0
00:12:11.880,1705283609548,176.85,160.524,157.329,166.261,862.106,33.954,32.345,1,0,0,0,0.0,196.371,154.788,843.276,33.202,32.354,1,0,0,0,0.0
00:12:11.896,1705283609564,176.778,160.497,157.155,166.253,858.952,34.031,32.153,1,0,0,0,0.0,196.401,154.742,854.885,33.461,32.546,1,0,0,0,0.0
00:12:11.913,1705283609581,176.867,160.484,157.21,166.223,863.858,34.084,32.286,1,0,0,0,0.0,196.524,154.745,851.23,33.449,32.419,1,0,0,0,0.0
00:12:11.930,1705283609598,176.779,160.544,157.044,166.292,864.04,34.086,32.292,1,0,0,0,0.0,196.515,154.796,849.855,33.39,32.423,1,0,0,0,0.0
00:12:11.946,1705283609614,176.815,160.585,156.974,166.375,868.432,34.238,32.312,1,0,0,0,0.0,196.655,154.796,857.955,33.597,32.531,1,0,0,0,0.0
00:12:11.963,1705283609631,176.789,160.676,156.833,166.437,858.546,34.022,32.146,1,0,0,0,0.0,196.744,154.914,852.108,33.493,32.409,1,0,0,0,0.0
00:12:11.980,1705283609648,176.785,160.785,156.762,166.608,856.993,34.058,32.055,1,0,0,0,0.0,196.808,154.963,860.477,33.677,32.549,1,0,0,0,0.0
00:12:11.996,1705283609664,176.917,161.263,157.022,167.324,854.177,33.925,32.075,1,0,0,0,0.0,196.812,155.202,862.488,33.839,32.469,1,0,0,0,0.0
00:12:12.013,1705283609681,178.129,163.409,158.734,169.586,861.996,33.957,32.338,1,0,0,0,0.0,197.524,157.233,862.665,33.674,32.634,1,0,0,0,0.0
00:12:12.030,1705283609698,178.212,164.368,158.584,170.23,860.185,34.027,32.203,1,0,0,0,0.0,197.84,158.505,876.543,33.916,32.923,1,0,0,0,0.0
00:12:12.046,1705283609714,178.304,165.21,158.611,171.082,857.785,33.915,32.22,1,0,0,0,0.0,197.997,159.339,866.324,33.894,32.56,1,0,0,0,0.0
00:12:12.063,1705283609731,178.318,165.759,158.626,171.54,861.747,33.968,32.317,1,0,0,0,0.0,198.011,159.978,870.486,33.828,32.78,1,0,0,0,0.0
00:12:12.080,1705283609748,178.412,166.26,158.684,171.98,842.641,33.769,31.788,1,0,0,0,0.0,198.139,160.54,868.83,33.816,32.73,1,0,0,0,0.0
00:12:12.096,1705283609764,178.407,166.568,158.575,172.157,849.186,33.773,32.03,1,0,0,0,0.0,198.239,160.98,865.945,33.789,32.647,1,0,0,0,0.0
00:12:12.113,1705283609781,178.429,166.742,158.623,172.38,854.915,33.778,32.242,1,0,0,0,0.0,198.236,161.103,876.556,33.884,32.954,1,0,0,0,0.0
