rec_time,UTC,Pupil X,Pupil Y,Left Eye_Pupil X,Left Eye_Pupil Y,Left Eye_Pupil Area,Left Eye_Pupil Height,Left Eye_Pupil Width,Left Eye_Fixations_Fixations,Left Eye_Fixations_Fixations Duration,Left Eye_Saccades_Saccades,Left Eye_Saccades_Saccades Duration,Left Eye_Saccades_Saccades Angle,Right Eye_Pupil X,Right Eye_Pupil Y,Right Eye_Pupil Area,Right Eye_Pupil Height,Right Eye_Pupil Width,Right Eye_Fixations_Fixations,Right Eye_Fixations_Fixations Duration,Right Eye_Saccades_Saccades,Right Eye_Saccades_Saccades Duration,Right Eye_Saccades_Saccades Angle
00:07:38.394,1705460235444,0.0,0.0,161.755,146.921,1599.177,48.017,42.426,1,0,0,0,0.0,92.46,155.986,1800.245,52.476,43.702,1.0,0.0,0.0,0.0,0.0
00:07:38.411,1705460235461,0.0,0.0,161.717,146.932,1595.487,48.066,42.285,1,0,0,0,0.0,92.596,155.907,1826.567,52.394,44.411,1.0,0.0,0.0,0.0,0.0
00:07:38.427,1705460235477,0.0,0.0,161.674,146.881,1596.159,48.098,42.275,1,0,0,0,0.0,92.696,155.922,1827.312,52.336,44.477,1.0,0.0,0.0,0.0,0.0
00:07:38.444,1705460235494,0.0,0.0,161.697,146.987,1593.557,47.954,42.333,1,0,0,0,0.0,92.739,156.001,1828.412,52.185,44.633,1.0,0.0,0.0,0.0,0.0
00:07:38.461,1705460235511,0.0,0.0,161.747,146.812,1591.325,48.058,42.181,1,0,0,0,0.0,92.563,155.892,1811.44,52.24,44.173,1.0,0.0,0.0,0.0,0.0
00:07:38.477,1705460235527,0.0,0.0,161.685,146.923,1589.752,47.996,42.195,1,0,0,0,0.0,92.573,156.073,1825.709,52.439,44.351,1.0,0.0,0.0,0.0,0.0
00:07:38.494,1705460235544,0.0,0.0,161.658,146.872,1596.912,48.205,42.201,1,0,0,0,0.0,92.547,155.766,1812.889,52.466,44.017,1.0,0.0,0.0,0.0,0.0
00:07:38.511,1705460235561,0.0,0.0,161.699,146.884,1594.574,48.125,42.209,1,0,0,0,0.0,92.448,155.803,1804.776,52.562,43.74,1.0,0.0,0.0,0.0,0.0
00:07:38.527,1705460235577,0.0,0.0,161.685,146.805,1601.696,48.235,42.301,1,0,0,0,0.0,92.578,155.966,1822.09,52.408,44.29,1.0,0.0,0.0,0.0,0.0
00:07:38.544,1705460235594,0.0,0.0,162.937,146.972,1590.449,47.953,42.25,1,0,0,0,0.0,92.823,155.811,1823.288,52.443,44.289,1.0,0.0,0.0,0.0,0.0
00:07:38.561,1705460235611,0.0,0.0,175.594,150.186,1540.547,48.532,40.436,0,934,1,0,0.0,100.169,157.731,1721.884,54.618,40.16,0.0,933.0,1.0,0.0,0.0
00:07:38.577,1705460235627,0.0,0.0,192.562,155.267,1539.291,48.0,40.852,0,0,1,0,0.0,116.178,162.034,2041.376,53.162,48.916,0.0,0.0,1.0,0.0,0.0
00:07:38.594,1705460235644,0.0,0.0,207.367,157.653,1659.443,48.686,43.42,0,0,1,0,0.0,130.369,165.247,2118.864,53.496,50.455,0.0,0.0,1.0,0.0,0.0
00:07:38.611,1705460235661,0.0,0.0,219.178,161.065,1906.507,49.93,48.642,0,0,1,0,0.0,141.281,168.806,1952.111,50.978,48.781,0.0,0.0,1.0,0.0,0.0
00:07:38.627,1705460235677,0.0,0.0,223.25,161.316,1858.766,48.918,48.405,1,0,0,66,23.587,148.209,170.174,1997.56,50.998,49.897,0.0,0.0,1.0,0.0,0.0
00:07:38.644,1705460235694,0.0,0.0,222.693,161.097,1824.052,48.526,47.884,1,0,0,0,0.0,148.832,170.572,1951.363,50.378,49.343,1.0,0.0,0.0,83.0,22.884
00:07:38.661,1705460235711,0.0,0.0,222.301,161.23,1783.179,47.899,47.424,1,0,0,0,0.0,149.131,170.497,1893.19,49.793,48.434,1.0,0.0,0.0,0.0,0.0
00:07:38.677,1705460235727,0.0,0.0,222.071,161.14,1734.183,47.284,46.721,1,0,0,0,0.0,149.147,170.655,1837.572,49.178,47.599,1.0,0.0,0.0,0.0,0.0
00:07:38.694,1705460235744,0.0,0.0,221.883,161.156,1707.259,46.818,46.453,1,0,0,0,0.0,149.222,170.637,1797.44,48.644,47.071,1.0,0.0,0.0,0.0,0.0
00:07:38.711,1705460235761,0.0,0.0,221.715,161.03,1655.267,46.209,45.632,1,0,0,0,0.0,149.372,170.669,1745.683,47.792,46.531,1.0,0.0,0.0,0.0,0.0
00:07:38.727,1705460235777,0.0,0.0,221.723,161.079,1624.865,45.683,45.31,1,0,0,0,0.0,149.341,170.695,1717.438,47.412,46.145,1.0,0.0,0.0,0.0,0.0
00:07:38.744,1705460235794,0.0,0.0,221.641,161.049,1601.102,45.357,44.968,1,0,0,0,0.0,149.46,170.687,1679.088,46.795,45.709,1.0,0.0,0.0,0.0,0.0
00:07:38.761,1705460235811,0.0,0.0,221.561,161.025,1579.904,45.054,44.671,1,0,0,0,0.0,149.411,170.675,1652.896,46.338,45.44,1.0,0.0,0.0,0.0,0.0
00:07:38.777,1705460235827,0.0,0.0,221.552,160.903,1549.593,44.594,44.267,1,0,0,0,0.0,149.412,170.721,1636.26,46.141,45.175,1.0,0.0,0.0,0.0,0.0
00:07:38.794,1705460235844,0.0,0.0,221.536,160.919,1541.773,44.547,44.089,1,0,0,0,0.0,149.461,170.765,1610.438,45.825,44.768,1.0,0.0,0.0,0.0,0.0
00:07:38.811,1705460235861,0.0,0.0,221.567,160.867,1534.459,44.532,43.895,1,0,0,0,0.0,149.479,170.717,1604.307,45.727,44.693,1.0,0.0,0.0,0.0,0.0
00:07:38.827,1705460235877,0.0,0.0,222.113,160.735,1507.51,44.413,43.24,1,0,0,0,0.0,149.619,170.772,1593.156,45.553,44.552,1.0,0.0,0.0,0.0,0.0
00:07:38.844,1705460235894,0.0,0.0,225.319,158.959,1486.887,43.884,43.162,1,0,0,0,0.0,152.131,169.506,1548.889,44.765,44.077,1.0,0.0,0.0,0.0,0.0
00:07:38.861,1705460235911,0.0,0.0,225.155,158.729,1491.725,43.962,43.225,1,0,0,0,0.0,152.887,168.971,1553.627,44.957,44.023,1.0,0.0,0.0,0.0,0.0
00:07:38.877,1705460235927,0.0,0.0,224.887,158.817,1483.518,43.9,43.049,1,0,0,0,0.0,152.896,169.036,1550.694,44.909,43.987,1.0,0.0,0.0,0.0,0.0
00:07:38.894,1705460235944,0.0,0.0,224.822,158.812,1487.856,43.868,43.206,1,0,0,0,0.0,152.967,169.011,1550.093,44.92,43.959,1.0,0.0,0.0,0.0,0.0
00:07:38.911,1705460235961,0.0,0.0,224.681,158.762,1481.593,43.797,43.094,1,0,0,0,0.0,153.027,168.978,1548.562,44.866,43.969,1.0,0.0,0.0,0.0,0.0
00:07:38.927,1705460235977,0.0,0.0,224.67,158.728,1487.169,43.998,43.058,1,0,0,0,0.0,153.016,169.009,1544.351,44.857,43.858,1.0,0.0,0.0,0.0,0.0
00:07:38.944,1705460235994,0.0,0.0,224.599,158.653,1480.946,43.854,43.019,1,0,0,0,0.0,153.012,168.91,1556.168,45.039,44.014,1.0,0.0,0.0,0.0,0.0
00:07:38.961,1705460236011,0.0,0.0,224.545,158.601,1487.565,43.986,43.082,1,0,0,0,0.0,153.048,168.877,1555.069,44.916,44.104,1.0,0.0,0.0,0.0,0.0
00:07:38.977,1705460236027,0.0,0.0,224.517,158.514,1509.761,44.271,43.443,1,0,0,0,0.0,153.041,168.835,1560.573,45.15,44.031,1.0,0.0,0.0,0.0,0.0
00:07:38.994,1705460236044,0.0,0.0,224.512,158.456,1500.643,44.266,43.185,1,0,0,0,0.0,153.064,168.756,1575.979,45.223,44.394,1.0,0.0,0.0,0.0,0.0
00:07:39.011,1705460236061,0.0,0.0,224.36,158.498,1508.497,44.181,43.495,1,0,0,0,0.0,153.054,168.77,1585.656,45.487,44.407,1.0,0.0,0.0,0.0,0.0
00:07:39.027,1705460236077,0.0,0.0,224.379,158.517,1537.079,44.643,43.861,1,0,0,0,0.0,153.007,168.749,1599.758,45.73,44.564,1.0,0.0,0.0,0.0,0.0
00:07:39.044,1705460236094,0.0,0.0,224.371,158.505,1546.687,44.746,44.033,1,0,0,0,0.0,153.062,168.705,1618.308,45.916,44.898,1.0,0.0,0.0,0.0,0.0
00:07:39.061,1705460236111,0.0,0.0,224.29,158.577,1558.661,44.956,44.166,1,0,0,0,0.0,152.992,168.737,1634.073,46.11,45.145,1.0,0.0,0.0,0.0,0.0
00:07:39.077,1705460236127,0.0,0.0,224.26,158.515,1578.859,45.243,44.455,1,0,0,0,0.0,153.044,168.738,1654.137,46.43,45.384,1.0,0.0,0.0,0.0,0.0
00:07:39.094,1705460236144,0.0,0.0,224.218,158.569,1587.807,45.388,44.564,1,0,0,0,0.0,153.01,168.766,1660.907,46.582,45.421,1.0,0.0,0.0,0.0,0.0
00:07:39.111,1705460236161,0.0,0.0,224.233,158.574,1601.171,45.517,44.812,1,0,0,0,0.0,153.022,168.702,1679.517,46.747,45.768,1.0,0.0,0.0,0.0,0.0
00:07:39.127,1705460236177,0.0,0.0,224.266,158.528,1609.334,45.82,44.743,1,0,0,0,0.0,153.041,168.775,1692.292,46.988,45.88,1.0,0.0,0.0,0.0,0.0
00:07:39.144,1705460236194,0.0,0.0,224.186,158.635,1636.701,46.019,45.306,1,0,0,0,0.0,153.116,168.755,1723.986,47.4,46.332,1.0,0.0,0.0,0.0,0.0
00:07:39.161,1705460236211,0.0,0.0,224.203,158.613,1649.34,46.293,45.387,1,0,0,0,0.0,153.129,168.768,1735.179,47.601,46.436,1.0,0.0,0.0,0.0,0.0
00:07:39.177,1705460236227,0.0,0.0,224.147,158.623,1670.058,46.497,45.755,1,0,0,0,0.0,153.127,168.783,1757.074,47.883,46.745,1.0,0.0,0.0,0.0,0.0
00:07:39.194,1705460236244,0.0,0.0,224.211,158.548,1690.385,46.892,45.922,1,0,0,0,0.0,153.101,168.777,1766.823,47.885,47.003,1.0,0.0,0.0,0.0,0.0
00:07:39.211,1705460236261,0.0,0.0,224.113,158.542,1717.91,47.221,46.345,1,0,0,0,0.0,153.098,168.768,1792.493,48.333,47.244,1.0,0.0,0.0,0.0,0.0
00:07:39.227,1705460236277,0.0,0.0,224.097,158.585,1711.341,47.072,46.314,1,0,0,0,0.0,153.04,168.709,1803.633,48.419,47.453,1.0,0.0,0.0,0.0,0.0
00:07:39.244,1705460236294,0.0,0.0,224.068,158.579,1735.705,47.464,46.584,1,0,0,0,0.0,153.044,168.781,1820.908,48.689,47.641,1.0,0.0,0.0,0.0,0.0
00:07:39.261,1705460236311,0.0,0.0,223.99,158.615,1739.607,47.448,46.705,1,0,0,0,0.0,153.081,168.747,1835.972,48.9,47.829,1.0,0.0,0.0,0.0,0.0
00:07:39.277,1705460236327,0.0,0.0,223.991,158.659,1763.276,47.791,47.001,1,0,0,0,0.0,153.057,168.807,1853.753,49.178,48.019,1.0,0.0,0.0,0.0,0.0
00:07:39.294,1705460236344,0.0,0.0,223.947,158.678,1772.073,47.931,47.097,1,0,0,0,0.0,153.095,168.834,1863.476,49.303,48.148,1.0,0.0,0.0,0.0,0.0
00:07:39.311,1705460236361,0.0,0.0,223.963,158.717,1787.547,48.178,47.264,1,0,0,0,0.0,153.094,168.806,1880.243,49.429,48.458,1.0,0.0,0.0,0.0,0.0
00:07:39.327,1705460236377,0.0,0.0,223.913,158.693,1796.885,48.386,47.308,1,0,0,0,0.0,153.086,168.798,1889.324,49.594,48.53,1.0,0.0,0.0,0.0,0.0
00:07:39.344,1705460236394,0.0,0.0,223.926,158.772,1797.274,48.305,47.397,1,0,0,0,0.0,153.041,168.843,1903.563,49.725,48.766,1.0,0.0,0.0,0.0,0.0
00:07:39.361,1705460236411,0.0,0.0,222.685,156.442,1762.006,48.115,46.65,1,0,0,0,0.0,152.792,168.19,1894.398,49.657,48.598,1.0,0.0,0.0,0.0,0.0
00:07:39.377,1705460236427,0.0,0.0,218.868,145.087,1654.922,49.377,42.696,0,750,1,0,0.0,150.069,161.327,1854.933,50.325,46.954,0.0,734.0,1.0,0.0,0.0
00:07:39.394,1705460236444,0.0,0.0,217.426,138.106,1653.959,49.546,42.525,0,0,1,0,0.0,146.717,151.608,1636.817,49.787,41.881,0.0,0.0,1.0,0.0,0.0
00:07:39.411,1705460236461,0.0,0.0,219.276,132.271,1687.849,48.63,44.214,0,0,1,0,0.0,147.115,144.793,1716.162,50.158,43.586,0.0,0.0,1.0,0.0,0.0
00:07:39.427,1705460236477,0.0,0.0,221.775,130.891,1700.176,48.926,44.267,1,0,0,50,10.942,150.146,141.167,1750.862,49.546,45.017,0.0,0.0,1.0,0.0,0.0
00:07:39.444,1705460236494,0.0,0.0,221.939,131.434,1708.672,48.662,44.73,1,0,0,0,0.0,150.146,141.167,1750.862,49.546,45.017,0.0,0.0,1.0,0.0,0.0
00:07:39.461,1705460236511,0.0,0.0,221.642,131.753,1698.502,48.7,44.429,1,0,0,0,0.0,151.8,141.095,1836.366,49.654,47.112,1.0,0.0,1.0,0.0,0.0
00:07:39.477,1705460236527,0.0,0.0,221.452,131.773,1709.952,48.878,44.566,1,0,0,0,0.0,151.91,141.31,1837.915,49.798,47.016,1.0,0.0,1.0,0.0,0.0
00:07:39.494,1705460236544,0.0,0.0,221.245,131.836,1713.256,49.031,44.512,1,0,0,0,0.0,151.91,141.31,1837.915,49.798,47.016,1.0,0.0,1.0,0.0,0.0
00:07:39.511,1705460236561,0.0,0.0,221.145,131.875,1721.347,49.014,44.739,1,0,0,0,0.0,152.036,141.437,1855.936,49.949,47.333,1.0,0.0,1.0,0.0,0.0
00:07:39.527,1705460236577,0.0,0.0,221.031,131.897,1731.199,49.289,44.743,1,0,0,0,0.0,152.137,141.282,1862.859,49.98,47.48,1.0,0.0,1.0,0.0,0.0
00:07:39.544,1705460236594,0.0,0.0,220.863,131.873,1736.686,49.31,44.866,1,0,0,0,0.0,152.137,141.282,1862.859,49.98,47.48,1.0,0.0,1.0,0.0,0.0
00:07:39.561,1705460236611,0.0,0.0,220.84,131.942,1740.69,49.463,44.83,1,0,0,0,0.0,152.103,141.382,1878.075,50.216,47.644,1.0,0.0,1.0,0.0,0.0
00:07:39.577,1705460236627,0.0,0.0,220.749,131.916,1745.54,49.325,45.081,1,0,0,0,0.0,152.183,141.537,1885.343,50.354,47.697,1.0,0.0,1.0,0.0,0.0
00:07:39.594,1705460236644,0.0,0.0,220.699,131.972,1744.063,49.487,44.896,1,0,0,0,0.0,152.183,141.537,1885.343,50.354,47.697,1.0,0.0,1.0,0.0,0.0
00:07:39.611,1705460236661,0.0,0.0,220.635,131.896,1753.002,49.424,45.183,1,0,0,0,0.0,152.21,141.554,1888.19,50.392,47.732,1.0,0.0,1.0,0.0,0.0
00:07:39.627,1705460236677,0.0,0.0,220.613,131.931,1742.737,49.414,44.927,1,0,0,0,0.0,152.244,141.41,1888.743,50.358,47.779,1.0,0.0,1.0,0.0,0.0
00:07:39.644,1705460236694,0.0,0.0,220.511,131.992,1725.892,49.164,44.719,1,0,0,0,0.0,152.244,141.41,1888.743,50.358,47.779,1.0,0.0,1.0,0.0,0.0
00:07:39.661,1705460236711,0.0,0.0,220.492,132.028,1712.868,49.049,44.486,1,0,0,0,0.0,152.123,141.463,1845.058,49.854,47.146,1.0,0.0,1.0,0.0,0.0
00:07:39.677,1705460236727,0.0,0.0,220.466,131.99,1692.779,48.644,44.33,1,0,0,0,0.0,152.071,141.518,1819.82,49.61,46.729,1.0,0.0,1.0,0.0,0.0
00:07:39.694,1705460236744,0.0,0.0,220.489,131.997,1665.737,48.295,43.937,1,0,0,0,0.0,152.071,141.518,1819.82,49.61,46.729,1.0,0.0,1.0,0.0,0.0
00:07:39.711,1705460236761,0.0,0.0,220.048,132.016,1636.752,47.671,43.738,1,0,0,0,0.0,152.049,141.565,1749.211,48.59,45.859,1.0,0.0,1.0,0.0,0.0
00:07:39.727,1705460236777,0.0,0.0,208.574,132.58,1372.89,46.698,37.451,0,300,1,0,0.0,148.021,141.906,1627.334,46.886,44.214,1.0,0.0,1.0,0.0,0.0
00:07:39.744,1705460236794,0.0,0.0,194.352,135.97,1451.913,44.583,41.486,0,0,1,0,0.0,148.021,141.906,1627.334,46.886,44.214,1.0,0.0,1.0,0.0,0.0
00:07:39.761,1705460236811,0.0,0.0,178.653,139.681,1455.881,46.68,39.731,0,0,1,0,0.0,127.462,143.292,1524.951,47.766,40.67,0.0,300.0,1.0,0.0,0.0
00:07:39.777,1705460236827,0.0,0.0,168.945,144.023,1378.6,44.691,39.296,0,0,1,0,0.0,101.133,151.074,1564.991,49.424,40.337,0.0,0.0,1.0,0.0,0.0
00:07:39.794,1705460236844,0.0,0.0,163.361,147.038,1387.883,44.851,39.42,0,0,1,0,0.0,101.133,151.074,1564.991,49.424,40.337,0.0,0.0,1.0,0.0,0.0
00:07:39.811,1705460236861,0.0,0.0,163.145,147.44,1377.57,44.535,39.405,1,0,0,84,23.815,94.177,154.229,1485.992,49.288,38.406,0.0,0.0,1.0,0.0,0.0
00:07:39.827,1705460236877,0.0,0.0,163.454,147.075,1358.208,44.19,39.154,1,0,0,0,0.0,92.533,155.241,1456.825,47.644,38.952,1.0,0.0,1.0,0.0,0.0
00:07:39.844,1705460236894,0.0,0.0,163.46,146.931,1344.922,43.888,39.038,1,0,0,0,0.0,92.533,155.241,1456.825,47.644,38.952,1.0,0.0,1.0,0.0,0.0
00:07:39.861,1705460236911,0.0,0.0,163.486,146.779,1335.955,43.857,38.804,1,0,0,0,0.0,92.809,155.341,1444.853,47.009,39.153,1.0,0.0,1.0,0.0,0.0
00:07:39.877,1705460236927,0.0,0.0,163.486,146.756,1330.801,43.605,38.879,1,0,0,0,0.0,93.149,155.001,1434.014,47.162,38.734,1.0,0.0,1.0,0.0,0.0
00:07:39.894,1705460236944,0.0,0.0,163.546,146.601,1327.494,43.655,38.737,1,0,0,0,0.0,93.149,155.001,1434.014,47.162,38.734,1.0,0.0,1.0,0.0,0.0
00:07:39.911,1705460236961,0.0,0.0,163.623,146.435,1328.403,43.589,38.822,1,0,0,0,0.0,93.409,154.906,1428.688,46.655,39.01,1.0,0.0,1.0,0.0,0.0
00:07:39.927,1705460236977,0.0,0.0,163.654,146.359,1322.208,43.594,38.637,1,0,0,0,0.0,93.522,154.827,1414.139,46.892,38.417,1.0,0.0,1.0,0.0,0.0
00:07:39.944,1705460236994,0.0,0.0,163.755,146.427,1321.039,43.391,38.783,1,0,0,0,0.0,93.522,154.827,1414.139,46.892,38.417,1.0,0.0,1.0,0.0,0.0
00:07:39.961,1705460237011,0.0,0.0,163.763,146.506,1326.287,43.559,38.788,1,0,0,0,0.0,93.652,154.857,1406.303,46.565,38.473,1.0,0.0,1.0,0.0,0.0
00:07:39.977,1705460237027,0.0,0.0,163.85,146.38,1335.562,43.678,38.952,1,0,0,0,0.0,93.697,154.714,1404.506,46.548,38.437,1.0,0.0,1.0,0.0,0.0
00:07:39.994,1705460237044,0.0,0.0,163.887,146.347,1331.702,43.642,38.871,1,0,0,0,0.0,93.697,154.714,1404.506,46.548,38.437,1.0,0.0,1.0,0.0,0.0
00:07:40.011,1705460237061,0.0,0.0,163.471,146.167,1326.312,43.603,38.749,1,0,0,0,0.0,94.165,154.759,1435.636,46.624,39.225,1.0,0.0,1.0,0.0,0.0
00:07:40.027,1705460237077,0.0,0.0,163.471,146.167,1326.312,43.603,38.749,1,0,0,0,0.0,93.376,154.399,1416.66,46.932,38.453,1.0,0.0,1.0,0.0,0.0
00:07:40.044,1705460237094,0.0,0.0,163.484,146.064,1329.986,43.683,38.785,1,0,0,0,0.0,93.376,154.399,1416.66,46.932,38.453,1.0,0.0,1.0,0.0,0.0
00:07:40.061,1705460237111,0.0,0.0,163.576,146.056,1327.693,43.578,38.812,1,0,0,0,0.0,93.496,154.414,1415.919,46.841,38.507,1.0,0.0,1.0,0.0,0.0
00:07:40.077,1705460237127,0.0,0.0,163.576,146.056,1327.693,43.578,38.812,1,0,0,0,0.0,93.612,154.407,1418.787,46.548,38.828,1.0,0.0,1.0,0.0,0.0
00:07:40.094,1705460237144,0.0,0.0,163.571,146.014,1321.424,43.515,38.684,1,0,0,0,0.0,93.65,154.415,1422.397,46.719,38.784,1.0,0.0,1.0,0.0,0.0
00:07:40.111,1705460237161,0.0,0.0,163.601,145.893,1325.745,43.567,38.764,1,0,0,0,0.0,93.605,154.352,1415.222,46.477,38.79,1.0,0.0,1.0,0.0,0.0
00:07:40.127,1705460237177,0.0,0.0,163.601,145.893,1325.745,43.567,38.764,1,0,0,0,0.0,93.588,154.392,1414.944,46.7,38.597,1.0,0.0,1.0,0.0,0.0
00:07:40.144,1705460237194,0.0,0.0,163.558,145.795,1317.792,43.365,38.711,1,0,0,0,0.0,93.641,154.382,1413.617,46.739,38.529,1.0,0.0,1.0,0.0,0.0
00:07:40.161,1705460237211,0.0,0.0,163.548,145.898,1317.262,43.406,38.659,1,0,0,0,0.0,93.626,154.302,1419.955,46.995,38.49,1.0,0.0,1.0,0.0,0.0
00:07:40.177,1705460237227,0.0,0.0,163.548,145.898,1317.262,43.406,38.659,1,0,0,0,0.0,93.664,154.298,1419.991,46.804,38.649,1.0,0.0,1.0,0.0,0.0
00:07:40.194,1705460237244,0.0,0.0,163.578,145.86,1311.308,43.116,38.743,1,0,0,0,0.0,93.611,154.284,1427.454,46.948,38.733,1.0,0.0,1.0,0.0,0.0
00:07:40.211,1705460237261,0.0,0.0,163.521,145.755,1326.28,43.636,38.719,1,0,0,0,0.0,93.937,154.322,1449.443,46.732,39.511,1.0,0.0,1.0,0.0,0.0
00:07:40.227,1705460237277,0.0,0.0,163.521,145.755,1326.28,43.636,38.719,1,0,0,0,0.0,93.773,154.32,1447.302,46.931,39.285,1.0,0.0,1.0,0.0,0.0
00:07:40.244,1705460237294,0.0,0.0,163.548,145.852,1327.353,43.604,38.778,1,0,0,0,0.0,93.713,154.15,1454.111,47.437,39.049,1.0,0.0,1.0,0.0,0.0
00:07:40.261,1705460237311,0.0,0.0,163.538,145.803,1330.631,43.581,38.895,1,0,0,0,0.0,93.72,154.199,1447.776,47.447,38.87,1.0,0.0,1.0,0.0,0.0
00:07:40.277,1705460237327,0.0,0.0,163.538,145.803,1330.631,43.581,38.895,1,0,0,0,0.0,93.697,154.182,1467.88,47.517,39.352,1.0,0.0,1.0,0.0,0.0
00:07:40.294,1705460237344,0.0,0.0,163.576,145.753,1332.94,43.625,38.923,1,0,0,0,0.0,93.724,154.327,1475.251,47.816,39.303,1.0,0.0,1.0,0.0,0.0
00:07:40.311,1705460237361,0.0,0.0,163.538,145.736,1343.043,43.918,38.956,1,0,0,0,0.0,93.852,154.258,1488.853,47.833,39.651,1.0,0.0,1.0,0.0,0.0
00:07:40.327,1705460237377,0.0,0.0,163.538,145.736,1343.043,43.918,38.956,1,0,0,0,0.0,93.679,154.297,1472.475,47.649,39.367,1.0,0.0,1.0,0.0,0.0
00:07:40.344,1705460237394,0.0,0.0,163.52,145.664,1346.61,43.736,39.222,1,0,0,0,0.0,93.79,154.343,1505.534,48.251,39.748,1.0,0.0,1.0,0.0,0.0
00:07:40.361,1705460237411,0.0,0.0,163.529,145.725,1362.07,44.182,39.272,1,0,0,0,0.0,93.801,154.41,1517.419,47.966,40.3,1.0,0.0,1.0,0.0,0.0
00:07:40.377,1705460237427,0.0,0.0,163.529,145.725,1362.07,44.182,39.272,1,0,0,0,0.0,93.675,154.284,1515.372,48.309,39.96,1.0,0.0,1.0,0.0,0.0
00:07:40.394,1705460237444,0.0,0.0,163.53,145.733,1363.781,44.091,39.402,1,0,0,0,0.0,93.444,154.374,1512.379,48.279,39.906,1.0,0.0,1.0,0.0,0.0
00:07:40.411,1705460237461,0.0,0.0,163.542,145.76,1372.491,44.217,39.541,1,0,0,0,0.0,93.787,154.34,1551.193,48.738,40.544,1.0,0.0,1.0,0.0,0.0
00:07:40.427,1705460237477,0.0,0.0,163.542,145.76,1372.491,44.217,39.541,1,0,0,0,0.0,93.592,154.152,1539.802,49.398,39.709,1.0,0.0,1.0,0.0,0.0
00:07:40.444,1705460237494,0.0,0.0,163.942,145.617,1378.607,44.226,39.709,1,0,0,0,0.0,93.788,154.322,1557.279,49.028,40.463,1.0,0.0,1.0,0.0,0.0
00:07:40.461,1705460237511,0.0,0.0,186.562,136.779,1195.396,41.203,36.959,1,0,1,0,0.0,96.524,146.934,1087.758,46.585,29.745,0.0,633.0,1.0,0.0,0.0
00:07:40.477,1705460237527,0.0,0.0,186.562,136.779,1195.396,41.203,36.959,1,0,1,0,0.0,111.454,147.325,1647.216,47.716,43.976,0.0,0.0,1.0,0.0,0.0
00:07:40.494,1705460237544,0.0,0.0,200.934,139.594,825.453,38.736,27.146,1,0,1,0,0.0,126.128,143.567,1522.509,47.016,41.252,0.0,0.0,1.0,0.0,0.0
00:07:40.511,1705460237561,0.0,0.0,0.0,0.0,0.0,0.0,0.0,0,0,0,0,0.0,135.651,149.546,596.558,34.051,22.318,0.0,0.0,1.0,0.0,0.0
00:07:40.527,1705460237577,0.0,0.0,0.0,0.0,0.0,0.0,0.0,0,0,0,66,17.848,0.0,0.0,0.0,0.0,0.0,0.0,0.0,0.0,1150.0,16.96
00:07:40.544,1705460237594,0.0,0.0,0.0,0.0,0.0,0.0,0.0,0,0,0,0,0.0,0.0,0.0,0.0,0.0,0.0,0.0,0.0,0.0,0.0,0.0
00:07:40.561,1705460237611,0.0,0.0,0.0,0.0,0.0,0.0,0.0,0,0,0,0,0.0,0.0,0.0,0.0,0.0,0.0,0.0,0.0,0.0,0.0,0.0
00:07:40.577,1705460237627,0.0,0.0,0.0,0.0,0.0,0.0,0.0,0,0,0,0,0.0,0.0,0.0,0.0,0.0,0.0,0.0,0.0,0.0,0.0,0.0
00:07:40.594,1705460237644,198.775,147.372,229.638,138.119,783.382,38.863,25.679,1,0,0,0,0.0,0.0,0.0,0.0,0.0,0.0,0.0,0.0,0.0,0.0,0.0
00:07:40.611,1705460237661,197.191,141.694,228.053,132.441,1381.034,47.015,37.419,1,0,0,0,0.0,0.0,0.0,0.0,0.0,0.0,0.0,0.0,0.0,0.0,0.0
00:07:40.627,1705460237677,193.806,137.903,228.053,132.441,1381.034,47.015,37.419,1,0,0,0,0.0,0.0,0.0,0.0,0.0,0.0,0.0,0.0,0.0,0.0,0.0
00:07:40.644,1705460237694,193.509,136.284,228.058,130.713,1531.584,46.632,41.84,1,0,0,0,0.0,159.559,143.364,1363.195,47.28,36.729,0.0,0.0,0.0,0.0,0.0
00:07:40.661,1705460237711,193.469,135.733,227.629,130.816,1530.331,46.592,41.841,1,0,0,0,0.0,158.96,141.854,1509.505,48.79,39.413,1.0,0.0,0.0,0.0,0.0
00:07:40.677,1705460237727,193.531,135.496,227.629,130.816,1530.331,46.592,41.841,1,0,0,0,0.0,159.308,140.65,1629.399,48.466,42.827,1.0,0.0,0.0,0.0,0.0
00:07:40.694,1705460237744,193.556,135.668,227.666,131.018,1530.094,46.699,41.739,1,0,0,0,0.0,159.432,140.175,1676.267,48.428,44.094,1.0,0.0,0.0,0.0,0.0
00:07:40.711,1705460237761,193.48,135.81,227.538,131.068,1515.233,46.587,41.433,1,0,0,0,0.0,159.446,140.319,1678.571,48.334,44.24,1.0,0.0,0.0,0.0,0.0
00:07:40.727,1705460237777,193.476,135.945,227.556,131.198,1517.406,46.613,41.469,1,0,0,0,0.0,159.423,140.551,1651.779,48.117,43.73,1.0,0.0,0.0,0.0,0.0
00:07:40.744,1705460237794,193.464,136.188,227.547,131.428,1508.503,46.367,41.444,1,0,0,0,0.0,159.395,140.691,1652.851,48.137,43.741,1.0,0.0,0.0,0.0,0.0
00:07:40.761,1705460237811,193.434,136.323,227.531,131.53,1501.294,46.337,41.274,1,0,0,0,0.0,159.382,140.947,1637.096,47.962,43.482,1.0,0.0,0.0,0.0,0.0
00:07:40.777,1705460237827,192.969,136.534,227.504,131.696,1491.556,46.091,41.224,1,0,0,0,0.0,159.337,141.115,1621.743,47.894,43.135,1.0,0.0,0.0,0.0,0.0
00:07:40.794,1705460237844,184.979,137.876,224.514,132.897,1502.917,45.525,42.055,1,0,0,0,0.0,158.434,141.372,1602.234,47.46,43.006,1.0,0.0,0.0,0.0,0.0
00:07:40.811,1705460237861,165.143,139.836,205.392,134.368,1356.263,45.164,38.254,0,1000,1,0,0.0,145.444,142.855,1455.872,46.24,40.108,0.0,150.0,1.0,0.0,0.0
00:07:40.827,1705460237877,147.528,144.939,187.396,138.911,1410.971,46.592,38.577,0,0,1,0,0.0,124.895,145.304,1505.53,49.558,38.699,0.0,0.0,1.0,0.0,0.0
00:07:40.844,1705460237894,136.152,150.033,173.932,144.284,1380.988,44.908,39.174,0,0,1,0,0.0,107.66,150.968,1564.281,49.571,40.2,0.0,0.0,1.0,0.0,0.0
00:07:40.861,1705460237911,129.81,152.471,166.226,147.708,1385.456,44.527,39.637,0,0,1,0,0.0,98.373,155.782,1638.903,50.264,41.536,0.0,0.0,1.0,0.0,0.0
00:07:40.877,1705460237927,129.006,152.872,164.025,148.721,1379.546,44.376,39.602,1,0,0,66,25.33,93.394,157.234,1603.671,48.814,41.85,0.0,0.0,1.0,0.0,0.0
00:07:40.894,1705460237944,129.094,152.835,164.355,148.547,1375.469,44.219,39.625,1,0,0,0,0.0,93.986,157.024,1576.679,48.172,41.694,1.0,0.0,0.0,83.0,27.139
00:07:40.911,1705460237961,129.209,152.852,164.346,148.502,1355.413,44.002,39.24,1,0,0,0,0.0,93.832,157.123,1588.677,48.572,41.666,1.0,0.0,0.0,0.0,0.0
00:07:40.927,1705460237977,129.157,152.726,164.326,148.417,1355.767,43.898,39.343,1,0,0,0,0.0,94.072,157.201,1592.662,48.347,41.965,1.0,0.0,0.0,0.0,0.0
00:07:40.944,1705460237994,129.204,152.704,164.202,148.363,1356.58,43.872,39.39,1,0,0,0,0.0,93.989,157.035,1577.322,48.484,41.443,1.0,0.0,0.0,0.0,0.0
00:07:40.961,1705460238011,129.126,152.64,164.164,148.298,1352.5,43.757,39.375,1,0,0,0,0.0,94.205,157.045,1589.2,48.425,41.806,1.0,0.0,0.0,0.0,0.0
00:07:40.977,1705460238027,129.164,152.649,164.101,148.261,1359.421,43.909,39.439,1,0,0,0,0.0,94.087,156.983,1592.465,48.582,41.756,1.0,0.0,0.0,0.0,0.0
00:07:40.994,1705460238044,129.093,152.566,164.003,148.192,1355.817,43.781,39.45,1,0,0,0,0.0,94.227,157.038,1594.395,48.527,41.855,1.0,0.0,0.0,0.0,0.0
00:07:41.011,1705460238061,129.21,152.487,164.029,148.082,1359.721,43.955,39.407,1,0,0,0,0.0,94.183,156.94,1588.938,48.551,41.691,1.0,0.0,0.0,0.0,0.0
00:07:41.027,1705460238077,128.76,151.7,163.892,147.98,1358.581,43.867,39.453,1,0,0,0,0.0,94.391,156.893,1603.195,48.596,42.026,1.0,0.0,0.0,0.0,0.0
00:07:41.044,1705460238094,128.604,150.718,163.501,146.338,1355.473,44.039,39.209,1,0,0,0,0.0,93.629,155.421,1564.097,48.866,40.775,1.0,0.0,0.0,0.0,0.0
00:07:41.061,1705460238111,128.659,150.539,163.512,146.172,1364.454,43.977,39.524,1,0,0,0,0.0,93.707,155.097,1588.326,49.113,41.198,1.0,0.0,0.0,0.0,0.0
00:07:41.077,1705460238127,128.733,150.641,163.478,146.168,1366.063,44.077,39.481,1,0,0,0,0.0,93.807,154.906,1589.539,49.085,41.252,1.0,0.0,0.0,0.0,0.0
00:07:41.094,1705460238144,128.638,150.656,163.426,146.25,1369.723,44.177,39.498,1,0,0,0,0.0,93.987,155.113,1609.125,48.962,41.866,1.0,0.0,0.0,0.0,0.0
00:07:41.111,1705460238161,128.677,150.679,163.403,146.171,1368.295,44.097,39.528,1,0,0,0,0.0,93.85,155.062,1604.993,48.851,41.854,1.0,0.0,0.0,0.0,0.0
00:07:41.127,1705460238177,128.595,150.661,163.36,146.204,1369.613,44.173,39.497,1,0,0,0,0.0,93.951,155.187,1616.212,48.975,42.039,1.0,0.0,0.0,0.0,0.0
00:07:41.144,1705460238194,128.7,150.668,163.314,146.217,1371.724,44.175,39.557,1,0,0,0,0.0,93.83,155.117,1596.605,49.05,41.466,1.0,0.0,0.0,0.0,0.0
00:07:41.161,1705460238211,128.558,150.564,163.307,146.184,1369.713,44.155,39.516,1,0,0,0,0.0,94.085,155.12,1624.958,48.852,42.373,1.0,0.0,0.0,0.0,0.0
00:07:41.177,1705460238227,128.61,150.747,163.271,146.127,1368.735,44.187,39.46,1,0,0,0,0.0,93.809,154.945,1596.371,49.537,41.052,1.0,0.0,0.0,0.0,0.0
00:07:41.194,1705460238244,128.416,150.786,163.13,146.264,1369.91,44.176,39.503,1,0,0,0,0.0,93.95,155.368,1603.394,49.012,41.674,1.0,0.0,0.0,0.0,0.0
00:07:41.211,1705460238261,128.004,150.877,162.745,146.298,1368.437,44.169,39.467,1,0,0,0,0.0,93.703,155.308,1597.965,49.031,41.517,1.0,0.0,0.0,0.0,0.0
00:07:41.227,1705460238277,128.999,150.446,162.48,146.277,1363.042,44.067,39.403,1,0,0,0,0.0,93.263,155.456,1595.865,48.941,41.539,1.0,0.0,0.0,0.0,0.0
00:07:41.244,1705460238294,139.223,147.991,168.039,144.152,1328.516,42.647,39.683,0,367,1,0,0.0,95.519,154.614,1537.808,50.495,38.796,1.0,0.0,0.0,0.0,0.0
00:07:41.261,1705460238311,154.387,155.046,187.003,146.059,927.921,39.586,29.86,0,0,1,0,0.0,110.407,151.83,1675.542,47.795,44.658,0.0,367.0,1.0,0.0,0.0
00:07:41.277,1705460238327,0.0,0.0,0.0,0.0,0.0,0.0,0.0,0,0,0,33,9.351,121.772,164.032,167.765,20.627,10.361,0.0,0.0,1.0,0.0,0.0
00:07:41.294,1705460238344,0.0,0.0,0.0,0.0,0.0,0.0,0.0,0,0,0,0,0.0,0.0,0.0,0.0,0.0,0.0,0.0,0.0,0.0,33.0,11.573
00:07:41.311,1705460238361,0.0,0.0,0.0,0.0,0.0,0.0,0.0,0,0,0,0,0.0,0.0,0.0,0.0,0.0,0.0,0.0,0.0,0.0,0.0,0.0
00:07:41.327,1705460238377,0.0,0.0,0.0,0.0,0.0,0.0,0.0,0,0,0,0,0.0,0.0,0.0,0.0,0.0,0.0,0.0,0.0,0.0,0.0,0.0
00:07:41.344,1705460238394,0.0,0.0,0.0,0.0,0.0,0.0,0.0,0,0,0,0,0.0,0.0,0.0,0.0,0.0,0.0,0.0,0.0,0.0,0.0,0.0
00:07:41.361,1705460238411,0.0,0.0,0.0,0.0,0.0,0.0,0.0,0,0,0,0,0.0,0.0,0.0,0.0,0.0,0.0,0.0,0.0,0.0,0.0,0.0
00:07:41.377,1705460238427,0.0,0.0,0.0,0.0,0.0,0.0,0.0,0,0,0,0,0.0,0.0,0.0,0.0,0.0,0.0,0.0,0.0,0.0,0.0,0.0
00:07:41.394,1705460238444,0.0,0.0,0.0,0.0,0.0,0.0,0.0,0,0,0,0,0.0,0.0,0.0,0.0,0.0,0.0,0.0,0.0,0.0,0.0,0.0
00:07:41.411,1705460238461,0.0,0.0,0.0,0.0,0.0,0.0,0.0,0,0,0,0,0.0,0.0,0.0,0.0,0.0,0.0,0.0,0.0,0.0,0.0,0.0
00:07:41.427,1705460238477,235.359,153.647,269.552,145.556,852.289,40.477,26.823,0,0,0,0,0.0,0.0,0.0,0.0,0.0,0.0,0.0,0.0,0.0,0.0,0.0
00:07:41.444,1705460238494,236.689,152.55,271.258,144.201,1106.198,43.577,32.337,1,0,0,0,0.0,201.167,161.738,591.184,30.988,24.303,0.0,0.0,0.0,0.0,0.0
00:07:41.461,1705460238511,237.694,151.264,272.504,144.207,1280.979,46.79,34.875,1,0,0,0,0.0,202.12,160.899,864.113,37.506,29.349,1.0,0.0,0.0,0.0,0.0
00:07:41.477,1705460238527,237.892,153.121,272.509,147.026,1228.19,46.604,33.572,1,0,0,0,0.0,202.885,158.32,1161.453,44.052,33.587,1.0,0.0,0.0,0.0,0.0
00:07:41.494,1705460238544,238.052,153.948,272.737,148.608,1238.31,46.747,33.745,1,0,0,0,0.0,203.274,159.216,1253.439,47.084,33.913,1.0,0.0,0.0,0.0,0.0
00:07:41.511,1705460238561,237.004,154.336,271.997,148.896,1243.446,46.579,34.007,1,0,0,0,0.0,203.367,159.287,1320.227,49.336,34.089,1.0,0.0,0.0,0.0,0.0
00:07:41.527,1705460238577,235.355,153.532,269.986,148.05,1285.595,46.706,35.064,1,0,0,0,0.0,202.011,159.776,1310.102,47.893,34.847,1.0,0.0,0.0,0.0,0.0
00:07:41.544,1705460238594,234.042,153.032,268.53,147.511,1311.397,46.856,35.653,1,0,0,0,0.0,200.723,159.014,1349.078,48.2,35.655,1.0,0.0,0.0,0.0,0.0
00:07:41.561,1705460238611,232.793,152.559,267.219,147.015,1321.714,46.987,35.834,1,0,0,0,0.0,199.553,158.554,1367.257,48.001,36.286,1.0,0.0,0.0,0.0,0.0
00:07:41.577,1705460238627,231.528,152.347,265.943,146.575,1342.343,47.096,36.309,1,0,0,0,0.0,198.366,158.103,1395.066,48.132,36.923,1.0,0.0,0.0,0.0,0.0
00:07:41.594,1705460238644,230.556,151.857,264.862,146.179,1356.667,47.139,36.662,1,0,0,0,0.0,197.114,158.119,1399.545,47.696,37.379,1.0,0.0,0.0,0.0,0.0
00:07:41.611,1705460238661,229.542,151.615,263.734,145.808,1377.643,47.056,37.295,1,0,0,0,0.0,196.251,157.535,1446.724,48.26,38.188,1.0,0.0,0.0,0.0,0.0
00:07:41.627,1705460238677,228.596,151.147,262.762,145.304,1388.132,46.907,37.699,1,0,0,0,0.0,195.35,157.422,1450.152,48.005,38.482,1.0,0.0,0.0,0.0,0.0
00:07:41.644,1705460238694,227.794,150.791,261.961,144.972,1398.547,47.103,37.824,1,0,0,0,0.0,194.429,156.989,1480.101,48.414,38.945,1.0,0.0,0.0,0.0,0.0
00:07:41.661,1705460238711,226.962,150.426,261.082,144.654,1410.531,47.097,38.152,1,0,0,0,0.0,193.627,156.61,1511.802,48.777,39.483,1.0,0.0,0.0,0.0,0.0
00:07:41.677,1705460238727,226.344,150.115,260.391,144.335,1416.449,47.077,38.329,1,0,0,0,0.0,192.842,156.199,1529.581,49.028,39.743,1.0,0.0,0.0,0.0,0.0
00:07:41.694,1705460238744,226.05,148.746,259.968,143.554,1417.754,46.99,38.435,1,0,0,0,0.0,192.298,155.895,1548.172,49.026,40.228,1.0,0.0,0.0,0.0,0.0
00:07:41.711,1705460238761,225.561,147.428,259.738,141.739,1404.267,47.062,38.011,1,0,0,0,0.0,192.132,153.938,1529.387,48.948,39.803,1.0,0.0,0.0,0.0,0.0
00:07:41.727,1705460238777,224.934,147.21,258.951,141.451,1430.766,47.333,38.507,1,0,0,0,0.0,191.383,153.118,1552.552,49.359,40.07,1.0,0.0,0.0,0.0,0.0
00:07:41.744,1705460238794,224.547,146.978,258.543,141.127,1436.333,47.493,38.526,1,0,0,0,0.0,190.916,152.969,1563.138,49.253,40.429,1.0,0.0,0.0,0.0,0.0
00:07:41.761,1705460238811,224.193,146.781,258.242,140.952,1446.005,47.722,38.6,1,0,0,0,0.0,190.551,152.829,1568.395,49.4,40.445,1.0,0.0,0.0,0.0,0.0
00:07:41.777,1705460238827,223.97,146.671,258.001,140.805,1452.491,47.809,38.702,1,0,0,0,0.0,190.143,152.609,1581.328,49.684,40.545,1.0,0.0,0.0,0.0,0.0
00:07:41.794,1705460238844,223.788,146.477,257.8,140.588,1454.829,47.768,38.798,1,0,0,0,0.0,189.939,152.538,1586.579,49.694,40.672,1.0,0.0,0.0,0.0,0.0
00:07:41.811,1705460238861,223.621,146.384,257.54,140.51,1462.223,47.799,38.97,1,0,0,0,0.0,189.776,152.367,1592.737,49.955,40.616,1.0,0.0,0.0,0.0,0.0
00:07:41.827,1705460238877,223.567,146.217,257.492,140.338,1468.186,48.009,38.957,1,0,0,0,0.0,189.703,152.258,1596.908,49.707,40.925,1.0,0.0,0.0,0.0,0.0
00:07:41.844,1705460238894,223.493,146.102,257.44,140.21,1473.741,48.103,39.028,1,0,0,0,0.0,189.641,152.097,1606.015,50.059,40.869,1.0,0.0,0.0,0.0,0.0
00:07:41.861,1705460238911,223.441,145.971,257.387,140.102,1479.641,48.153,39.143,1,0,0,0,0.0,189.546,151.994,1612.077,50.086,41.001,1.0,0.0,0.0,0.0,0.0
00:07:41.877,1705460238927,222.75,145.524,257.154,139.852,1481.384,48.128,39.21,1,0,0,0,0.0,189.496,151.841,1615.463,50.08,41.093,1.0,0.0,0.0,0.0,0.0
00:07:41.894,1705460238944,221.828,145.295,255.856,139.549,1506.944,48.64,39.467,1,0,0,0,0.0,188.347,151.197,1625.397,49.801,41.577,1.0,0.0,0.0,0.0,0.0
00:07:41.911,1705460238961,221.904,145.38,255.883,139.555,1505.773,48.605,39.464,1,0,0,0,0.0,187.799,151.042,1657.341,50.305,41.969,1.0,0.0,0.0,0.0,0.0
00:07:41.927,1705460238977,221.949,145.353,255.946,139.554,1514.807,48.897,39.464,1,0,0,0,0.0,187.926,151.206,1650.094,50.071,41.981,1.0,0.0,0.0,0.0,0.0
00:07:41.944,1705460238994,222.016,145.394,256.007,139.596,1513.232,48.744,39.547,1,0,0,0,0.0,187.951,151.153,1659.066,50.397,41.936,1.0,0.0,0.0,0.0,0.0
00:07:41.961,1705460239011,222.035,145.41,255.98,139.605,1518.881,48.839,39.618,1,0,0,0,0.0,188.026,151.193,1660.494,50.393,41.976,1.0,0.0,0.0,0.0,0.0
00:07:41.977,1705460239027,222.115,145.46,256.058,139.615,1523.252,48.921,39.665,1,0,0,0,0.0,188.091,151.216,1665.441,50.545,41.974,1.0,0.0,0.0,0.0,0.0
00:07:41.994,1705460239044,222.16,145.401,256.102,139.591,1523.208,48.932,39.655,1,0,0,0,0.0,188.172,151.304,1662.71,50.391,42.034,1.0,0.0,0.0,0.0,0.0
00:07:42.011,1705460239061,222.227,145.505,256.16,139.697,1521.205,48.9,39.628,1,0,0,0,0.0,188.219,151.211,1670.888,50.611,42.056,1.0,0.0,0.0,0.0,0.0
00:07:42.027,1705460239077,222.274,145.478,256.23,139.688,1528.916,49.077,39.686,1,0,0,0,0.0,188.294,151.314,1669.123,50.648,41.982,1.0,0.0,0.0,0.0,0.0
00:07:42.044,1705460239094,222.295,145.469,256.248,139.636,1527.789,49.064,39.667,1,0,0,0,0.0,188.319,151.268,1671.159,50.597,42.075,1.0,0.0,0.0,0.0,0.0
00:07:42.061,1705460239111,222.312,145.508,256.217,139.697,1530.084,49.082,39.712,1,0,0,0,0.0,188.342,151.301,1672.326,50.704,42.015,1.0,0.0,0.0,0.0,0.0
00:07:42.077,1705460239127,222.339,145.494,256.238,139.659,1530.314,49.048,39.746,1,0,0,0,0.0,188.408,151.318,1676.2,50.717,42.102,1.0,0.0,0.0,0.0,0.0
00:07:42.094,1705460239144,222.411,145.526,256.308,139.665,1535.689,49.245,39.726,1,0,0,0,0.0,188.44,151.329,1674.016,50.791,41.986,1.0,0.0,0.0,0.0,0.0
00:07:42.111,1705460239161,222.481,145.555,256.387,139.709,1530.104,49.011,39.77,1,0,0,0,0.0,188.514,151.387,1671.54,50.682,42.014,1.0,0.0,0.0,0.0,0.0
00:07:42.127,1705460239177,222.562,145.556,256.462,139.648,1532.796,49.155,39.723,1,0,0,0,0.0,188.575,151.401,1676.299,50.881,41.969,1.0,0.0,0.0,0.0,0.0
00:07:42.144,1705460239194,222.542,145.548,256.471,139.667,1524.205,49.015,39.614,1,0,0,0,0.0,188.662,151.464,1674.483,50.821,41.973,1.0,0.0,0.0,0.0,0.0
00:07:42.161,1705460239211,222.607,145.586,256.491,139.705,1531.446,49.204,39.649,1,0,0,0,0.0,188.613,151.429,1677.884,51.003,41.908,1.0,0.0,0.0,0.0,0.0
00:07:42.177,1705460239227,222.593,145.584,256.493,139.741,1526.857,48.985,39.707,1,0,0,0,0.0,188.724,151.468,1672.075,50.756,41.966,1.0,0.0,0.0,0.0,0.0
00:07:42.194,1705460239244,222.682,145.596,256.555,139.705,1525.867,49.015,39.657,1,0,0,0,0.0,188.694,151.427,1674.293,50.992,41.827,1.0,0.0,0.0,0.0,0.0
00:07:42.211,1705460239261,222.739,145.643,256.55,139.78,1516.75,48.703,39.672,1,0,0,0,0.0,188.809,151.488,1668.564,50.695,41.928,1.0,0.0,0.0,0.0,0.0
00:07:42.227,1705460239277,222.886,145.664,256.706,139.764,1515.936,48.814,39.561,1,0,0,0,0.0,188.929,151.506,1663.466,50.815,41.702,1.0,0.0,0.0,0.0,0.0
00:07:42.244,1705460239294,222.983,145.657,256.755,139.789,1505.192,48.608,39.447,1,0,0,0,0.0,189.066,151.565,1655.649,50.68,41.616,1.0,0.0,0.0,0.0,0.0
00:07:42.261,1705460239311,223.126,145.629,256.894,139.724,1504.311,48.546,39.474,1,0,0,0,0.0,189.21,151.526,1653.071,50.703,41.532,1.0,0.0,0.0,0.0,0.0
00:07:42.277,1705460239327,223.294,145.745,257.067,139.852,1492.521,48.34,39.332,1,0,0,0,0.0,189.358,151.534,1646.818,50.701,41.377,1.0,0.0,0.0,0.0,0.0
00:07:42.294,1705460239344,223.562,145.779,257.243,139.911,1489.495,48.425,39.183,1,0,0,0,0.0,189.522,151.639,1634.934,50.554,41.198,1.0,0.0,0.0,0.0,0.0
00:07:42.311,1705460239361,223.837,145.837,257.54,139.948,1480.159,48.221,39.103,1,0,0,0,0.0,189.881,151.646,1630.265,50.525,41.104,1.0,0.0,0.0,0.0,0.0
00:07:42.327,1705460239377,224.21,145.836,257.876,139.987,1470.71,48.061,38.982,1,0,0,0,0.0,190.134,151.726,1619.04,50.452,40.88,1.0,0.0,0.0,0.0,0.0
00:07:42.344,1705460239394,224.613,145.931,258.237,140.122,1466.068,48.098,38.829,1,0,0,0,0.0,190.544,151.685,1615.357,50.542,40.714,1.0,0.0,0.0,0.0,0.0
00:07:42.361,1705460239411,225.043,145.914,258.642,140.116,1449.727,47.857,38.59,1,0,0,0,0.0,190.989,151.74,1604.683,50.305,40.636,1.0,0.0,0.0,0.0,0.0
00:07:42.377,1705460239427,225.505,146.035,259.072,140.222,1441.686,47.917,38.328,1,0,0,0,0.0,191.444,151.711,1603.908,50.359,40.572,1.0,0.0,0.0,0.0,0.0
00:07:42.394,1705460239444,226.004,146.155,259.557,140.331,1427.545,47.706,38.119,1,0,0,0,0.0,191.938,151.848,1589.863,50.14,40.393,1.0,0.0,0.0,0.0,0.0
00:07:42.411,1705460239461,226.575,146.412,260.148,140.456,1420.873,47.688,37.956,1,0,0,0,0.0,192.451,151.979,1570.223,49.975,40.026,1.0,0.0,0.0,0.0,0.0
00:07:42.427,1705460239477,227.159,146.465,260.764,140.438,1405.901,47.487,37.715,1,0,0,0,0.0,193.001,152.367,1538.601,49.667,39.463,1.0,0.0,0.0,0.0,0.0
00:07:42.444,1705460239494,227.809,146.696,261.449,140.594,1393.073,47.588,37.291,1,0,0,0,0.0,193.555,152.492,1521.624,49.761,38.954,1.0,0.0,0.0,0.0,0.0
00:07:42.461,1705460239511,228.495,146.904,262.16,140.761,1382.407,47.563,37.025,1,0,0,0,0.0,194.17,152.797,1491.0,49.337,38.498,1.0,0.0,0.0,0.0,0.0
00:07:42.477,1705460239527,229.22,147.23,262.878,140.919,1362.43,47.437,36.587,1,0,0,0,0.0,194.829,153.048,1465.711,49.249,37.913,1.0,0.0,0.0,0.0,0.0
00:07:42.494,1705460239544,230.133,146.999,263.675,141.026,1346.198,47.17,36.356,1,0,0,0,0.0,195.562,153.54,1424.598,49.104,36.957,1.0,0.0,0.0,0.0,0.0
00:07:42.511,1705460239561,230.931,146.947,264.428,141.222,1326.969,47.031,35.942,1,0,0,0,0.0,196.591,152.971,1445.751,49.226,37.414,1.0,0.0,0.0,0.0,0.0
00:07:42.527,1705460239577,231.454,147.02,265.228,141.218,1309.521,46.661,35.751,1,0,0,0,0.0,197.433,152.673,1469.787,50.291,37.23,1.0,0.0,0.0,0.0,0.0
00:07:42.544,1705460239594,226.219,146.273,262.19,139.601,1134.997,43.886,32.946,1,0,0,0,0.0,197.68,152.823,1413.871,48.953,36.792,1.0,0.0,0.0,0.0,0.0
00:07:42.561,1705460239611,211.657,148.488,247.339,138.06,1462.709,46.574,40.008,0,1117,1,0,0.0,190.248,152.945,1346.344,42.667,40.197,0.0,1100.0,1.0,0.0,0.0
00:07:42.577,1705460239627,0.0,0.0,0.0,0.0,0.0,0.0,0.0,0,0,0,16,5.304,175.975,158.917,469.588,27.426,21.811,0.0,0.0,1.0,0.0,0.0
00:07:42.594,1705460239644,0.0,0.0,0.0,0.0,0.0,0.0,0.0,0,0,0,0,0.0,0.0,0.0,0.0,0.0,0.0,0.0,0.0,0.0,33.0,6.839
00:07:42.611,1705460239661,0.0,0.0,0.0,0.0,0.0,0.0,0.0,0,0,0,0,0.0,0.0,0.0,0.0,0.0,0.0,0.0,0.0,0.0,0.0,0.0
00:07:42.627,1705460239677,0.0,0.0,0.0,0.0,0.0,0.0,0.0,0,0,0,0,0.0,0.0,0.0,0.0,0.0,0.0,0.0,0.0,0.0,0.0,0.0
00:07:42.644,1705460239694,0.0,0.0,0.0,0.0,0.0,0.0,0.0,0,0,0,0,0.0,0.0,0.0,0.0,0.0,0.0,0.0,0.0,0.0,0.0,0.0
00:07:42.661,1705460239711,0.0,0.0,0.0,0.0,0.0,0.0,0.0,0,0,0,0,0.0,0.0,0.0,0.0,0.0,0.0,0.0,0.0,0.0,0.0,0.0
00:07:42.677,1705460239727,0.0,0.0,0.0,0.0,0.0,0.0,0.0,0,0,0,0,0.0,0.0,0.0,0.0,0.0,0.0,0.0,0.0,0.0,0.0,0.0
00:07:42.694,1705460239744,0.0,0.0,0.0,0.0,0.0,0.0,0.0,0,0,0,0,0.0,0.0,0.0,0.0,0.0,0.0,0.0,0.0,0.0,0.0,0.0
00:07:42.711,1705460239761,0.0,0.0,0.0,0.0,0.0,0.0,0.0,0,0,0,0,0.0,0.0,0.0,0.0,0.0,0.0,0.0,0.0,0.0,0.0,0.0
00:07:42.727,1705460239777,0.0,0.0,0.0,0.0,0.0,0.0,0.0,0,0,0,0,0.0,0.0,0.0,0.0,0.0,0.0,0.0,0.0,0.0,0.0,0.0
00:07:42.744,1705460239794,0.0,0.0,0.0,0.0,0.0,0.0,0.0,0,0,0,0,0.0,0.0,0.0,0.0,0.0,0.0,0.0,0.0,0.0,0.0,0.0
00:07:42.761,1705460239811,0.0,0.0,0.0,0.0,0.0,0.0,0.0,0,0,0,0,0.0,0.0,0.0,0.0,0.0,0.0,0.0,0.0,0.0,0.0,0.0
00:07:42.777,1705460239827,0.0,0.0,0.0,0.0,0.0,0.0,0.0,0,0,0,0,0.0,0.0,0.0,0.0,0.0,0.0,0.0,0.0,0.0,0.0,0.0
00:07:42.794,1705460239844,0.0,0.0,0.0,0.0,0.0,0.0,0.0,0,0,0,0,0.0,0.0,0.0,0.0,0.0,0.0,0.0,0.0,0.0,0.0,0.0
00:07:42.811,1705460239861,0.0,0.0,0.0,0.0,0.0,0.0,0.0,0,0,0,0,0.0,82.904,173.288,588.893,33.509,22.387,0.0,0.0,0.0,0.0,0.0
00:07:42.827,1705460239877,0.0,0.0,156.567,159.36,717.38,35.938,25.429,0,0,0,0,0.0,84.551,167.891,1051.426,41.002,32.667,0.0,0.0,1.0,0.0,0.0
00:07:42.844,1705460239894,0.0,0.0,156.777,157.472,931.781,40.365,29.406,1,0,0,0,0.0,87.284,163.405,1451.209,45.277,40.83,0.0,0.0,1.0,0.0,0.0
00:07:42.861,1705460239911,0.0,0.0,157.878,154.336,1168.699,42.308,35.189,1,0,0,0,0.0,88.564,160.378,1697.093,49.835,43.382,1.0,0.0,0.0,33.0,2.101
00:07:42.877,1705460239927,0.0,0.0,158.39,151.984,1328.543,43.281,39.103,1,0,0,0,0.0,89.373,159.16,1792.893,52.679,43.355,1.0,0.0,0.0,0.0,0.0
00:07:42.894,1705460239944,0.0,0.0,159.051,150.463,1443.058,45.365,40.522,1,0,0,0,0.0,90.243,158.825,1814.148,53.207,43.434,1.0,0.0,0.0,0.0,0.0
00:07:42.911,1705460239961,0.0,0.0,159.607,149.968,1476.951,46.156,40.763,1,0,0,0,0.0,91.096,158.881,1835.21,52.943,44.158,1.0,0.0,0.0,0.0,0.0
00:07:42.927,1705460239977,0.0,0.0,160.285,149.264,1529.05,47.848,40.709,1,0,0,0,0.0,91.756,158.846,1849.655,52.968,44.484,1.0,0.0,0.0,0.0,0.0
00:07:42.944,1705460239994,0.0,0.0,160.781,149.186,1536.375,47.915,40.847,1,0,0,0,0.0,92.502,158.68,1855.621,52.834,44.741,1.0,0.0,0.0,0.0,0.0
00:07:42.961,1705460240011,0.0,0.0,161.336,149.154,1528.241,47.125,41.312,1,0,0,0,0.0,93.007,158.574,1864.728,52.864,44.935,1.0,0.0,0.0,0.0,0.0
00:07:42.977,1705460240027,0.0,0.0,161.388,148.686,1526.688,46.799,41.557,1,0,0,0,0.0,93.437,158.322,1859.525,52.821,44.846,1.0,0.0,0.0,0.0,0.0
00:07:42.994,1705460240044,0.0,0.0,160.998,146.772,1510.623,46.898,41.033,1,0,0,0,0.0,92.422,156.444,1846.745,52.625,44.704,1.0,0.0,0.0,0.0,0.0
00:07:43.011,1705460240061,0.0,0.0,161.306,146.74,1522.496,46.714,41.519,1,0,0,0,0.0,92.251,155.787,1863.2,53.436,44.417,1.0,0.0,0.0,0.0,0.0
00:07:43.027,1705460240077,0.0,0.0,161.787,146.629,1526.513,46.693,41.647,1,0,0,0,0.0,92.928,155.638,1860.457,53.093,44.639,1.0,0.0,0.0,0.0,0.0
00:07:43.044,1705460240094,0.0,0.0,162.092,146.632,1534.606,46.816,41.757,1,0,0,0,0.0,93.389,155.587,1874.894,53.06,45.014,1.0,0.0,0.0,0.0,0.0
00:07:43.061,1705460240111,0.0,0.0,162.401,146.459,1550.948,47.173,41.883,1,0,0,0,0.0,93.821,155.532,1877.86,53.094,45.055,1.0,0.0,0.0,0.0,0.0
00:07:43.077,1705460240127,0.0,0.0,162.609,146.456,1560.983,47.107,42.212,1,0,0,0,0.0,94.099,155.313,1882.872,53.395,44.921,1.0,0.0,0.0,0.0,0.0
00:07:43.094,1705460240144,0.0,0.0,162.837,146.428,1569.355,47.248,42.313,1,0,0,0,0.0,94.559,155.294,1892.577,53.335,45.204,1.0,0.0,0.0,0.0,0.0
00:07:43.111,1705460240161,0.0,0.0,163.028,146.448,1579.265,47.301,42.532,1,0,0,0,0.0,94.794,155.298,1909.611,53.654,45.339,1.0,0.0,0.0,0.0,0.0
00:07:43.127,1705460240177,0.0,0.0,163.27,146.426,1595.307,47.504,42.78,1,0,0,0,0.0,95.124,155.25,1912.908,53.458,45.584,1.0,0.0,0.0,0.0,0.0
00:07:43.144,1705460240194,0.0,0.0,163.457,146.42,1595.394,47.409,42.869,1,0,0,0,0.0,95.33,155.248,1913.82,53.491,45.577,1.0,0.0,0.0,0.0,0.0
00:07:43.161,1705460240211,0.0,0.0,163.694,146.46,1599.675,47.574,42.834,1,0,0,0,0.0,95.565,155.248,1914.434,53.39,45.678,1.0,0.0,0.0,0.0,0.0
00:07:43.177,1705460240227,0.0,0.0,163.866,146.494,1611.181,47.537,43.176,1,0,0,0,0.0,95.695,155.181,1909.286,53.556,45.414,1.0,0.0,0.0,0.0,0.0
00:07:43.194,1705460240244,0.0,0.0,164.099,146.346,1600.808,47.481,42.949,1,0,0,0,0.0,95.834,155.285,1911.465,53.455,45.552,1.0,0.0,0.0,0.0,0.0
00:07:43.211,1705460240261,0.0,0.0,164.248,146.409,1606.138,47.476,43.096,1,0,0,0,0.0,95.947,155.305,1905.663,53.347,45.506,1.0,0.0,0.0,0.0,0.0
00:07:43.227,1705460240277,0.0,0.0,164.387,146.397,1604.854,47.519,43.022,1,0,0,0,0.0,96.106,155.283,1891.1,53.009,45.446,1.0,0.0,0.0,0.0,0.0
00:07:43.244,1705460240294,0.0,0.0,164.258,146.697,1591.68,47.291,42.875,1,0,0,0,0.0,96.094,155.383,1887.191,53.115,45.262,1.0,0.0,0.0,0.0,0.0
00:07:43.261,1705460240311,0.0,0.0,164.27,146.823,1591.026,47.314,42.837,1,0,0,0,0.0,95.759,155.761,1867.836,52.928,44.956,1.0,0.0,0.0,0.0,0.0
00:07:43.277,1705460240327,0.0,0.0,164.321,146.852,1583.669,47.249,42.698,1,0,0,0,0.0,95.918,155.658,1863.482,52.778,44.978,1.0,0.0,0.0,0.0,0.0
00:07:43.294,1705460240344,0.0,0.0,164.297,146.789,1578.226,47.04,42.739,1,0,0,0,0.0,95.849,155.773,1849.281,52.57,44.812,1.0,0.0,0.0,0.0,0.0
00:07:43.311,1705460240361,0.0,0.0,164.439,146.721,1566.584,46.702,42.732,1,0,0,0,0.0,95.863,155.721,1851.57,52.508,44.92,1.0,0.0,0.0,0.0,0.0
00:07:43.327,1705460240377,0.0,0.0,164.38,146.774,1567.017,46.952,42.516,1,0,0,0,0.0,95.817,155.8,1829.705,52.38,44.499,1.0,0.0,0.0,0.0,0.0
00:07:43.344,1705460240394,0.0,0.0,164.466,146.705,1559.331,46.726,42.512,1,0,0,0,0.0,95.873,155.817,1838.335,52.394,44.697,1.0,0.0,0.0,0.0,0.0
00:07:43.361,1705460240411,0.0,0.0,164.393,146.768,1564.788,46.839,42.558,1,0,0,0,0.0,95.917,155.825,1826.099,52.443,44.357,1.0,0.0,0.0,0.0,0.0
00:07:43.377,1705460240427,0.0,0.0,164.446,146.728,1558.371,46.802,42.416,1,0,0,0,0.0,95.922,155.853,1815.444,52.385,44.148,1.0,0.0,0.0,0.0,0.0
00:07:43.394,1705460240444,0.0,0.0,164.469,146.72,1555.124,46.573,42.537,1,0,0,0,0.0,96.04,155.867,1817.801,52.236,44.331,1.0,0.0,0.0,0.0,0.0
00:07:43.411,1705460240461,0.0,0.0,164.535,146.66,1554.087,46.593,42.49,1,0,0,0,0.0,95.943,155.812,1820.382,52.187,44.435,1.0,0.0,0.0,0.0,0.0
00:07:43.427,1705460240477,0.0,0.0,164.51,146.775,1546.071,46.563,42.298,1,0,0,0,0.0,95.942,155.86,1812.499,52.124,44.296,1.0,0.0,0.0,0.0,0.0
00:07:43.444,1705460240494,0.0,0.0,164.532,146.82,1555.245,46.749,42.38,1,0,0,0,0.0,95.986,155.763,1817.07,52.253,44.298,1.0,0.0,0.0,0.0,0.0
00:07:43.461,1705460240511,0.0,0.0,164.514,146.721,1549.485,46.621,42.338,1,0,0,0,0.0,96.04,155.876,1808.387,52.093,44.222,1.0,0.0,0.0,0.0,0.0
00:07:43.477,1705460240527,0.0,0.0,164.546,146.808,1551.706,46.632,42.39,1,0,0,0,0.0,95.891,155.78,1815.34,52.209,44.294,1.0,0.0,0.0,0.0,0.0
00:07:43.494,1705460240544,0.0,0.0,164.551,146.795,1546.605,46.583,42.295,1,0,0,0,0.0,96.04,155.886,1822.075,52.441,44.262,1.0,0.0,0.0,0.0,0.0
00:07:43.511,1705460240561,0.0,0.0,164.584,146.752,1550.926,46.645,42.356,1,0,0,0,0.0,96.107,155.837,1820.992,52.4,44.269,1.0,0.0,0.0,0.0,0.0
00:07:43.527,1705460240577,0.0,0.0,164.568,146.772,1553.461,46.583,42.482,1,0,0,0,0.0,96.186,155.906,1816.401,52.245,44.289,1.0,0.0,0.0,0.0,0.0
00:07:43.544,1705460240594,0.0,0.0,164.637,146.866,1553.438,46.736,42.342,1,0,0,0,0.0,96.095,155.813,1824.937,52.224,44.515,1.0,0.0,0.0,0.0,0.0
00:07:43.561,1705460240611,0.0,0.0,164.579,146.846,1546.919,46.573,42.312,1,0,0,0,0.0,96.351,155.92,1817.678,52.449,44.148,1.0,0.0,0.0,0.0,0.0
00:07:43.577,1705460240627,0.0,0.0,164.665,146.912,1547.232,46.582,42.312,1,0,0,0,0.0,96.216,155.841,1826.797,52.445,44.373,1.0,0.0,0.0,0.0,0.0
00:07:43.594,1705460240644,0.0,0.0,164.66,146.845,1547.746,46.639,42.275,1,0,0,0,0.0,96.225,155.9,1829.215,52.434,44.441,1.0,0.0,0.0,0.0,0.0
00:07:43.611,1705460240661,0.0,0.0,164.699,146.958,1546.468,46.636,42.242,1,0,0,0,0.0,96.296,155.808,1823.154,52.379,44.34,1.0,0.0,0.0,0.0,0.0
00:07:43.627,1705460240677,0.0,0.0,164.637,146.842,1545.318,46.53,42.307,1,0,0,0,0.0,96.304,155.881,1834.484,52.454,44.552,1.0,0.0,0.0,0.0,0.0
00:07:43.644,1705460240694,0.0,0.0,164.662,146.963,1549.987,46.687,42.292,1,0,0,0,0.0,96.36,155.919,1831.216,52.379,44.536,1.0,0.0,0.0,0.0,0.0
00:07:43.661,1705460240711,0.0,0.0,164.727,146.913,1541.864,46.513,42.228,1,0,0,0,0.0,96.445,155.868,1821.146,52.415,44.261,1.0,0.0,0.0,0.0,0.0
00:07:43.677,1705460240727,0.0,0.0,164.744,146.954,1551.387,46.663,42.352,1,0,0,0,0.0,96.335,155.857,1827.496,52.193,44.604,1.0,0.0,0.0,0.0,0.0
00:07:43.694,1705460240744,0.0,0.0,164.74,146.915,1541.542,46.535,42.199,1,0,0,0,0.0,96.505,155.958,1806.219,52.211,44.07,1.0,0.0,0.0,0.0,0.0
00:07:43.711,1705460240761,0.0,0.0,164.792,146.941,1535.832,46.436,42.133,1,0,0,0,0.0,96.393,155.852,1814.357,52.21,44.269,1.0,0.0,0.0,0.0,0.0
00:07:43.727,1705460240777,0.0,0.0,164.778,146.903,1539.642,46.543,42.14,1,0,0,0,0.0,96.326,155.891,1819.425,52.108,44.48,1.0,0.0,0.0,0.0,0.0
00:07:43.744,1705460240794,0.0,0.0,164.739,146.951,1532.801,46.305,42.168,1,0,0,0,0.0,96.357,155.858,1812.402,52.045,44.361,1.0,0.0,0.0,0.0,0.0
00:07:43.761,1705460240811,0.0,0.0,164.813,146.862,1530.305,46.285,42.118,1,0,0,0,0.0,96.374,155.856,1813.323,52.09,44.345,1.0,0.0,0.0,0.0,0.0
00:07:43.777,1705460240827,0.0,0.0,164.847,146.86,1532.079,46.327,42.128,1,0,0,0,0.0,96.341,155.778,1815.579,51.933,44.535,1.0,0.0,0.0,0.0,0.0
00:07:43.794,1705460240844,0.0,0.0,164.873,146.887,1525.265,46.335,41.934,1,0,0,0,0.0,96.373,155.787,1802.936,51.965,44.197,1.0,0.0,0.0,0.0,0.0
00:07:43.811,1705460240861,0.0,0.0,164.891,146.765,1530.162,46.335,42.068,1,0,0,0,0.0,96.417,155.824,1805.494,52.06,44.18,1.0,0.0,0.0,0.0,0.0
00:07:43.827,1705460240877,0.0,0.0,165.028,146.808,1526.135,46.336,41.957,1,0,0,0,0.0,96.445,155.771,1803.812,51.946,44.235,1.0,0.0,0.0,0.0,0.0
00:07:43.844,1705460240894,0.0,0.0,165.546,147.014,1535.247,46.305,42.236,1,0,0,0,0.0,96.752,155.856,1814.672,52.132,44.343,1.0,0.0,0.0,0.0,0.0
00:07:43.861,1705460240911,0.0,0.0,165.532,147.044,1520.186,45.966,42.13,1,0,0,0,0.0,96.813,155.943,1812.654,52.05,44.363,1.0,0.0,0.0,0.0,0.0
00:07:43.877,1705460240927,0.0,0.0,165.564,146.976,1527.97,46.177,42.152,1,0,0,0,0.0,96.822,155.819,1813.173,51.982,44.434,1.0,0.0,0.0,0.0,0.0
00:07:43.894,1705460240944,0.0,0.0,165.494,146.883,1529.947,46.212,42.175,1,0,0,0,0.0,96.89,155.765,1800.649,51.703,44.366,1.0,0.0,0.0,0.0,0.0
00:07:43.911,1705460240961,0.0,0.0,165.574,146.799,1531.979,46.311,42.14,1,0,0,0,0.0,96.93,155.776,1802.323,52.066,44.097,1.0,0.0,0.0,0.0,0.0
00:07:43.927,1705460240977,0.0,0.0,165.599,146.918,1521.689,46.188,41.969,1,0,0,0,0.0,96.969,155.711,1810.644,51.993,44.363,1.0,0.0,0.0,0.0,0.0
00:07:43.944,1705460240994,0.0,0.0,165.589,146.714,1521.599,46.254,41.906,1,0,0,0,0.0,96.937,155.595,1804.544,52.038,44.175,1.0,0.0,0.0,0.0,0.0
00:07:43.961,1705460241011,0.0,0.0,165.665,146.842,1514.823,46.003,41.947,1,0,0,0,0.0,96.899,155.587,1815.286,52.038,44.438,1.0,0.0,0.0,0.0,0.0
00:07:43.977,1705460241027,0.0,0.0,165.607,146.688,1522.925,46.081,42.101,1,0,0,0,0.0,97.009,155.484,1802.211,52.079,44.083,1.0,0.0,0.0,0.0,0.0
00:07:43.994,1705460241044,0.0,0.0,165.589,146.742,1525.624,46.06,42.194,1,0,0,0,0.0,96.918,155.529,1807.814,52.034,44.258,1.0,0.0,0.0,0.0,0.0
00:07:44.011,1705460241061,0.0,0.0,165.619,146.491,1532.639,46.156,42.3,1,0,0,0,0.0,97.022,155.477,1806.304,52.1,44.166,1.0,0.0,0.0,0.0,0.0
00:07:44.027,1705460241077,0.0,0.0,164.691,146.676,1517.877,46.11,41.935,1,0,0,0,0.0,96.501,155.548,1798.628,52.069,44.004,1.0,0.0,0.0,0.0,0.0
00:07:44.044,1705460241094,0.0,0.0,164.514,146.733,1525.548,46.185,42.078,1,0,0,0,0.0,95.413,155.575,1792.658,52.032,43.889,1.0,0.0,0.0,0.0,0.0
00:07:44.061,1705460241111,0.0,0.0,164.443,146.776,1522.739,46.15,42.033,1,0,0,0,0.0,95.641,155.557,1795.954,51.98,44.014,1.0,0.0,0.0,0.0,0.0
00:07:44.077,1705460241127,0.0,0.0,164.508,146.695,1527.772,46.229,42.099,1,0,0,0,0.0,95.595,155.529,1793.754,52.076,43.879,1.0,0.0,0.0,0.0,0.0
00:07:44.094,1705460241144,0.0,0.0,164.502,146.675,1527.763,46.196,42.129,1,0,0,0,0.0,95.534,155.601,1789.964,51.752,44.06,1.0,0.0,0.0,0.0,0.0
00:07:44.111,1705460241161,0.0,0.0,164.519,146.575,1526.001,46.143,42.129,1,0,0,0,0.0,95.73,155.477,1789.201,51.893,43.922,1.0,0.0,0.0,0.0,0.0
00:07:44.127,1705460241177,0.0,0.0,164.485,146.662,1536.342,46.317,42.255,1,0,0,0,0.0,95.641,155.565,1792.735,51.873,44.026,1.0,0.0,0.0,0.0,0.0
00:07:44.144,1705460241194,0.0,0.0,164.503,146.65,1526.601,46.176,42.116,1,0,0,0,0.0,95.699,155.502,1786.736,52.083,43.702,1.0,0.0,0.0,0.0,0.0
00:07:44.161,1705460241211,0.0,0.0,164.503,146.631,1532.483,46.3,42.165,1,0,0,0,0.0,95.549,155.583,1785.555,51.834,43.882,1.0,0.0,0.0,0.0,0.0
00:07:44.177,1705460241227,0.0,0.0,164.486,146.651,1531.866,46.288,42.158,1,0,0,0,0.0,95.638,155.536,1775.535,51.87,43.606,1.0,0.0,0.0,0.0,0.0
00:07:44.194,1705460241244,0.0,0.0,164.463,146.772,1537.592,46.283,42.321,1,0,0,0,0.0,95.578,155.632,1788.428,51.627,44.129,1.0,0.0,0.0,0.0,0.0
00:07:44.211,1705460241261,0.0,0.0,164.464,146.768,1540.044,46.313,42.361,1,0,0,0,0.0,95.742,155.579,1801.199,52.03,44.1,1.0,0.0,0.0,0.0,0.0
00:07:44.227,1705460241277,0.0,0.0,164.458,146.795,1542.129,46.379,42.357,1,0,0,0,0.0,95.594,155.646,1793.262,51.698,44.188,1.0,0.0,0.0,0.0,0.0
00:07:44.244,1705460241294,0.0,0.0,164.471,146.839,1542.987,46.401,42.361,1,0,0,0,0.0,95.832,155.605,1783.801,52.277,43.468,1.0,0.0,0.0,0.0,0.0
00:07:44.261,1705460241311,0.0,0.0,164.402,146.808,1548.934,46.385,42.539,1,0,0,0,0.0,95.577,155.475,1781.173,51.875,43.74,1.0,0.0,0.0,0.0,0.0
00:07:44.277,1705460241327,0.0,0.0,164.407,146.858,1552.771,46.498,42.541,1,0,0,0,0.0,95.634,155.648,1802.371,52.002,44.153,1.0,0.0,0.0,0.0,0.0
00:07:44.294,1705460241344,0.0,0.0,164.442,146.863,1555.157,46.521,42.585,1,0,0,0,0.0,95.906,155.735,1799.52,51.977,44.104,1.0,0.0,0.0,0.0,0.0
00:07:44.311,1705460241361,0.0,0.0,164.439,146.899,1555.372,46.577,42.539,1,0,0,0,0.0,95.78,155.635,1800.326,51.932,44.162,1.0,0.0,0.0,0.0,0.0
00:07:44.327,1705460241377,0.0,0.0,164.362,146.842,1560.228,46.573,42.676,1,0,0,0,0.0,95.653,155.624,1808.909,51.994,44.32,1.0,0.0,0.0,0.0,0.0
00:07:44.344,1705460241394,0.0,0.0,164.323,146.919,1562.425,46.696,42.624,1,0,0,0,0.0,95.673,155.615,1809.37,52.121,44.222,1.0,0.0,0.0,0.0,0.0
00:07:44.361,1705460241411,0.0,0.0,164.306,146.898,1562.719,46.557,42.759,1,0,0,0,0.0,95.696,155.683,1811.552,52.159,44.244,1.0,0.0,0.0,0.0,0.0
00:07:44.377,1705460241427,0.0,0.0,164.323,146.849,1564.237,46.567,42.791,1,0,0,0,0.0,95.646,155.632,1814.726,52.183,44.301,1.0,0.0,0.0,0.0,0.0
00:07:44.394,1705460241444,0.0,0.0,164.208,146.828,1565.695,46.736,42.676,1,0,0,0,0.0,95.719,155.62,1821.586,52.148,44.498,1.0,0.0,0.0,0.0,0.0
00:07:44.411,1705460241461,0.0,0.0,164.248,146.878,1573.171,46.83,42.794,1,0,0,0,0.0,95.692,155.631,1820.486,52.328,44.318,1.0,0.0,0.0,0.0,0.0
00:07:44.427,1705460241477,0.0,0.0,164.248,146.845,1559.334,46.715,42.522,1,0,0,0,0.0,95.711,155.624,1822.189,52.394,44.304,1.0,0.0,0.0,0.0,0.0
00:07:44.444,1705460241494,0.0,0.0,164.243,146.955,1560.657,46.64,42.626,1,0,0,0,0.0,95.72,155.619,1818.527,52.292,44.301,1.0,0.0,0.0,0.0,0.0
00:07:44.461,1705460241511,0.0,0.0,164.229,146.846,1555.422,46.718,42.413,1,0,0,0,0.0,95.659,155.568,1816.705,52.045,44.467,1.0,0.0,0.0,0.0,0.0
00:07:44.477,1705460241527,0.0,0.0,164.226,146.947,1568.518,46.811,42.685,1,0,0,0,0.0,95.747,155.661,1836.55,52.262,44.766,1.0,0.0,0.0,0.0,0.0
00:07:44.494,1705460241544,0.0,0.0,164.258,146.88,1560.844,46.71,42.567,1,0,0,0,0.0,95.715,155.651,1821.923,52.329,44.352,1.0,0.0,0.0,0.0,0.0
00:07:44.511,1705460241561,0.0,0.0,164.337,146.898,1563.054,46.77,42.574,1,0,0,0,0.0,95.704,155.671,1828.2,52.26,44.564,1.0,0.0,0.0,0.0,0.0
00:07:44.527,1705460241577,0.0,0.0,165.481,146.612,1578.409,46.85,42.918,1,0,0,0,0.0,96.639,155.48,1822.147,52.322,44.364,1.0,0.0,0.0,0.0,0.0
00:07:44.544,1705460241594,0.0,0.0,165.623,146.692,1575.096,46.806,42.868,1,0,0,0,0.0,97.053,155.422,1840.176,52.553,44.606,1.0,0.0,0.0,0.0,0.0
00:07:44.561,1705460241611,0.0,0.0,165.694,146.692,1572.51,46.9,42.712,1,0,0,0,0.0,96.936,155.4,1847.831,52.466,44.866,1.0,0.0,0.0,0.0,0.0
00:07:44.577,1705460241627,0.0,0.0,165.658,146.707,1576.784,46.751,42.965,1,0,0,0,0.0,97.002,155.399,1837.4,52.382,44.684,1.0,0.0,0.0,0.0,0.0
00:07:44.594,1705460241644,0.0,0.0,165.678,146.552,1574.629,46.85,42.816,1,0,0,0,0.0,96.998,155.426,1851.556,52.631,44.815,1.0,0.0,0.0,0.0,0.0
00:07:44.611,1705460241661,0.0,0.0,165.617,146.673,1577.481,46.84,42.902,1,0,0,0,0.0,97.087,155.466,1843.815,52.389,44.834,1.0,0.0,0.0,0.0,0.0
00:07:44.627,1705460241677,0.0,0.0,165.627,146.578,1571.884,46.814,42.773,1,0,0,0,0.0,97.096,155.348,1840.742,52.44,44.715,1.0,0.0,0.0,0.0,0.0
00:07:44.644,1705460241694,0.0,0.0,165.636,146.678,1576.208,46.809,42.896,1,0,0,0,0.0,97.233,155.423,1832.174,52.579,44.39,1.0,0.0,0.0,0.0,0.0
00:07:44.661,1705460241711,0.0,0.0,165.674,146.642,1576.156,46.857,42.85,1,0,0,0,0.0,97.034,155.443,1854.216,52.471,45.016,1.0,0.0,0.0,0.0,0.0
00:07:44.677,1705460241727,0.0,0.0,165.682,146.648,1582.151,46.941,42.936,1,0,0,0,0.0,97.1,155.362,1842.275,52.274,44.895,1.0,0.0,0.0,0.0,0.0
00:07:44.694,1705460241744,0.0,0.0,165.661,146.552,1579.589,46.912,42.894,1,0,0,0,0.0,97.011,155.365,1849.871,52.497,44.888,1.0,0.0,0.0,0.0,0.0
00:07:44.711,1705460241761,0.0,0.0,165.681,146.595,1581.97,47.055,42.828,1,0,0,0,0.0,97.128,155.408,1842.592,52.514,44.697,1.0,0.0,0.0,0.0,0.0
00:07:44.727,1705460241777,0.0,0.0,165.686,146.6,1581.113,46.89,42.955,1,0,0,0,0.0,97.065,155.453,1851.237,52.713,44.738,1.0,0.0,0.0,0.0,0.0
00:07:44.744,1705460241794,0.0,0.0,165.604,146.691,1575.265,47.01,42.686,1,0,0,0,0.0,96.991,155.47,1852.126,52.665,44.8,1.0,0.0,0.0,0.0,0.0
00:07:44.761,1705460241811,0.0,0.0,165.626,146.722,1576.302,46.878,42.835,1,0,0,0,0.0,96.992,155.436,1852.559,52.67,44.806,1.0,0.0,0.0,0.0,0.0
00:07:44.777,1705460241827,0.0,0.0,165.476,146.771,1581.448,46.931,42.926,1,0,0,0,0.0,97.04,155.467,1855.31,52.716,44.833,1.0,0.0,0.0,0.0,0.0
00:07:44.794,1705460241844,0.0,0.0,165.302,146.916,1572.113,46.826,42.769,1,0,0,0,0.0,96.409,155.584,1845.205,52.421,44.84,1.0,0.0,0.0,0.0,0.0
00:07:44.811,1705460241861,0.0,0.0,165.285,146.922,1579.504,46.968,42.84,1,0,0,0,0.0,96.698,155.467,1845.529,52.728,44.587,1.0,0.0,0.0,0.0,0.0
00:07:44.827,1705460241877,0.0,0.0,165.271,146.845,1569.486,46.747,42.77,1,0,0,0,0.0,96.552,155.545,1850.026,52.523,44.87,1.0,0.0,0.0,0.0,0.0
00:07:44.844,1705460241894,0.0,0.0,165.297,146.941,1574.561,46.873,42.793,1,0,0,0,0.0,96.571,155.592,1842.015,52.609,44.603,1.0,0.0,0.0,0.0,0.0
00:07:44.861,1705460241911,0.0,0.0,165.322,146.825,1573.873,46.923,42.728,1,0,0,0,0.0,96.612,155.545,1846.712,52.446,44.855,1.0,0.0,0.0,0.0,0.0
00:07:44.877,1705460241927,0.0,0.0,165.313,146.892,1570.442,46.891,42.664,1,0,0,0,0.0,96.594,155.56,1850.24,52.46,44.93,1.0,0.0,0.0,0.0,0.0
00:07:44.894,1705460241944,0.0,0.0,165.313,146.852,1570.424,46.686,42.851,1,0,0,0,0.0,96.617,155.594,1849.318,52.706,44.697,1.0,0.0,0.0,0.0,0.0
00:07:44.911,1705460241961,0.0,0.0,165.339,146.865,1565.971,46.751,42.67,1,0,0,0,0.0,96.625,155.68,1842.647,52.644,44.588,1.0,0.0,0.0,0.0,0.0
00:07:44.927,1705460241977,0.0,0.0,165.268,146.895,1568.698,46.711,42.781,1,0,0,0,0.0,96.492,155.687,1849.033,52.533,44.837,1.0,0.0,0.0,0.0,0.0
00:07:44.944,1705460241994,0.0,0.0,165.276,146.916,1565.253,46.788,42.617,1,0,0,0,0.0,96.632,155.657,1850.382,52.585,44.826,1.0,0.0,0.0,0.0,0.0
00:07:44.961,1705460242011,0.0,0.0,165.258,146.818,1565.278,46.714,42.685,1,0,0,0,0.0,96.446,155.545,1854.206,52.498,44.993,1.0,0.0,0.0,0.0,0.0
00:07:44.977,1705460242027,0.0,0.0,165.293,146.859,1570.312,46.77,42.771,1,0,0,0,0.0,96.593,155.617,1849.459,52.655,44.744,1.0,0.0,0.0,0.0,0.0
00:07:44.994,1705460242044,0.0,0.0,165.306,146.842,1567.692,46.736,42.731,1,0,0,0,0.0,96.604,155.644,1857.012,52.655,44.926,1.0,0.0,0.0,0.0,0.0
00:07:45.011,1705460242061,0.0,0.0,165.324,146.916,1565.18,46.76,42.64,1,0,0,0,0.0,96.578,155.614,1859.104,52.721,44.921,1.0,0.0,0.0,0.0,0.0
00:07:45.027,1705460242077,0.0,0.0,165.229,146.813,1572.886,46.922,42.702,1,0,0,0,0.0,96.521,155.516,1867.765,52.72,45.131,1.0,0.0,0.0,0.0,0.0
00:07:45.044,1705460242094,0.0,0.0,165.245,146.926,1573.296,46.906,42.728,1,0,0,0,0.0,96.52,155.716,1872.447,52.75,45.219,1.0,0.0,0.0,0.0,0.0
00:07:45.061,1705460242111,0.0,0.0,165.277,146.816,1577.715,46.934,42.822,1,0,0,0,0.0,96.509,155.618,1869.776,52.696,45.2,1.0,0.0,0.0,0.0,0.0
00:07:45.077,1705460242127,0.0,0.0,165.216,146.899,1577.978,46.965,42.801,1,0,0,0,0.0,96.547,155.695,1866.686,52.728,45.098,1.0,0.0,0.0,0.0,0.0
00:07:45.094,1705460242144,0.0,0.0,165.194,146.702,1585.854,47.033,42.952,1,0,0,0,0.0,96.426,155.559,1882.535,52.835,45.389,1.0,0.0,0.0,0.0,0.0
00:07:45.111,1705460242161,0.0,0.0,165.172,146.858,1589.509,47.168,42.929,1,0,0,0,0.0,96.586,155.511,1881.396,53.008,45.213,1.0,0.0,0.0,0.0,0.0
00:07:45.127,1705460242177,0.0,0.0,165.154,146.781,1595.915,47.36,42.927,1,0,0,0,0.0,96.457,155.533,1894.487,53.122,45.431,1.0,0.0,0.0,0.0,0.0
00:07:45.144,1705460242194,0.0,0.0,165.111,146.862,1596.345,47.31,42.984,1,0,0,0,0.0,96.551,155.497,1882.089,53.13,45.127,1.0,0.0,0.0,0.0,0.0
00:07:45.161,1705460242211,0.0,0.0,165.119,146.666,1601.613,47.422,43.024,1,0,0,0,0.0,96.426,155.6,1900.135,53.215,45.487,1.0,0.0,0.0,0.0,0.0
00:07:45.177,1705460242227,0.0,0.0,165.079,146.807,1603.732,47.407,43.094,1,0,0,0,0.0,96.481,155.49,1895.929,53.105,45.48,1.0,0.0,0.0,0.0,0.0
00:07:45.194,1705460242244,0.0,0.0,165.033,146.745,1614.178,47.702,43.107,1,0,0,0,0.0,96.415,155.501,1914.389,53.453,45.624,1.0,0.0,0.0,0.0,0.0
00:07:45.211,1705460242261,0.0,0.0,165.028,146.817,1617.955,47.659,43.247,1,0,0,0,0.0,96.472,155.461,1912.87,53.46,45.581,1.0,0.0,0.0,0.0,0.0
00:07:45.227,1705460242277,0.0,0.0,164.971,146.756,1626.693,47.899,43.262,1,0,0,0,0.0,96.399,155.471,1919.767,53.259,45.919,1.0,0.0,0.0,0.0,0.0
00:07:45.244,1705460242294,0.0,0.0,164.938,146.755,1626.078,47.885,43.259,1,0,0,0,0.0,96.419,155.423,1923.07,53.449,45.834,1.0,0.0,0.0,0.0,0.0
00:07:45.261,1705460242311,0.0,0.0,164.951,146.754,1632.868,47.979,43.354,1,0,0,0,0.0,96.351,155.514,1926.868,53.434,45.938,1.0,0.0,0.0,0.0,0.0
00:07:45.277,1705460242327,0.0,0.0,164.94,146.711,1632.035,47.967,43.343,1,0,0,0,0.0,96.456,155.398,1930.471,53.495,45.971,1.0,0.0,0.0,0.0,0.0
00:07:45.294,1705460242344,0.0,0.0,164.935,146.717,1638.646,48.175,43.33,1,0,0,0,0.0,96.375,155.48,1942.45,53.678,46.098,1.0,0.0,0.0,0.0,0.0
00:07:45.311,1705460242361,0.0,0.0,164.956,146.706,1638.21,48.085,43.4,1,0,0,0,0.0,96.481,155.315,1935.742,53.711,45.911,1.0,0.0,0.0,0.0,0.0
00:07:45.327,1705460242377,0.0,0.0,164.978,146.748,1639.982,47.991,43.532,1,0,0,0,0.0,96.374,155.436,1941.58,53.563,46.177,1.0,0.0,0.0,0.0,0.0
00:07:45.344,1705460242394,0.0,0.0,164.96,146.684,1640.251,48.128,43.415,1,0,0,0,0.0,96.455,155.335,1943.106,53.677,46.114,1.0,0.0,0.0,0.0,0.0
00:07:45.361,1705460242411,0.0,0.0,164.9,146.702,1644.195,48.281,43.382,1,0,0,0,0.0,96.374,155.354,1940.781,53.69,46.048,1.0,0.0,0.0,0.0,0.0
00:07:45.377,1705460242427,0.0,0.0,164.895,146.644,1645.718,48.246,43.454,1,0,0,0,0.0,96.404,155.255,1944.605,53.683,46.145,1.0,0.0,0.0,0.0,0.0
00:07:45.394,1705460242444,0.0,0.0,164.888,146.657,1644.489,48.186,43.475,1,0,0,0,0.0,96.316,155.3,1956.372,54.045,46.113,1.0,0.0,0.0,0.0,0.0
00:07:45.411,1705460242461,0.0,0.0,164.928,146.567,1639.023,48.072,43.433,1,0,0,0,0.0,96.352,155.307,1947.888,53.828,46.099,1.0,0.0,0.0,0.0,0.0
00:07:45.427,1705460242477,0.0,0.0,164.852,146.67,1640.943,48.195,43.373,1,0,0,0,0.0,96.421,155.305,1946.129,53.735,46.137,1.0,0.0,0.0,0.0,0.0
00:07:45.444,1705460242494,0.0,0.0,165.178,146.633,1645.224,48.225,43.459,1,0,0,0,0.0,96.481,155.335,1942.762,53.694,46.092,1.0,0.0,0.0,0.0,0.0
00:07:45.461,1705460242511,0.0,0.0,165.481,146.764,1646.178,48.164,43.54,1,0,0,0,0.0,97.041,155.406,1954.827,53.715,46.36,1.0,0.0,0.0,0.0,0.0
00:07:45.477,1705460242527,0.0,0.0,165.508,146.717,1644.015,48.247,43.408,1,0,0,0,0.0,96.897,155.307,1952.006,53.773,46.243,1.0,0.0,0.0,0.0,0.0
00:07:45.494,1705460242544,0.0,0.0,165.367,146.721,1637.94,48.13,43.353,1,0,0,0,0.0,96.911,155.328,1956.553,53.881,46.258,1.0,0.0,0.0,0.0,0.0
00:07:45.511,1705460242561,0.0,0.0,165.373,146.621,1647.206,48.313,43.432,1,0,0,0,0.0,96.848,155.225,1946.515,53.736,46.145,1.0,0.0,0.0,0.0,0.0
00:07:45.527,1705460242577,0.0,0.0,165.294,146.625,1639.415,48.034,43.478,1,0,0,0,0.0,96.787,155.271,1945.094,53.647,46.187,1.0,0.0,0.0,0.0,0.0
00:07:45.544,1705460242594,0.0,0.0,165.252,146.606,1633.822,48.161,43.215,1,0,0,0,0.0,96.809,155.213,1948.233,53.737,46.185,1.0,0.0,0.0,0.0,0.0
00:07:45.561,1705460242611,0.0,0.0,165.214,146.625,1633.58,48.099,43.265,1,0,0,0,0.0,96.689,155.356,1928.666,53.463,45.955,1.0,0.0,0.0,0.0,0.0
00:07:45.577,1705460242627,0.0,0.0,165.182,146.587,1635.34,48.107,43.304,1,0,0,0,0.0,96.604,155.225,1940.012,53.6,46.107,1.0,0.0,0.0,0.0,0.0
00:07:45.594,1705460242644,0.0,0.0,165.137,146.597,1629.056,47.943,43.285,1,0,0,0,0.0,96.537,155.308,1927.081,53.52,45.869,1.0,0.0,0.0,0.0,0.0
00:07:45.611,1705460242661,0.0,0.0,165.073,146.635,1636.793,48.061,43.384,1,0,0,0,0.0,96.673,155.194,1923.312,53.596,45.714,1.0,0.0,0.0,0.0,0.0
00:07:45.627,1705460242677,0.0,0.0,165.024,146.662,1633.67,48.067,43.296,1,0,0,0,0.0,96.481,155.252,1922.635,53.288,45.962,1.0,0.0,0.0,0.0,0.0
00:07:45.644,1705460242694,0.0,0.0,165.054,146.67,1633.396,48.063,43.293,1,0,0,0,0.0,96.469,155.358,1922.471,53.402,45.86,1.0,0.0,0.0,0.0,0.0
00:07:45.661,1705460242711,0.0,0.0,164.971,146.659,1633.144,47.95,43.388,1,0,0,0,0.0,96.368,155.269,1917.222,53.262,45.855,1.0,0.0,0.0,0.0,0.0
00:07:45.677,1705460242727,0.0,0.0,164.987,146.701,1637.784,48.092,43.383,1,0,0,0,0.0,96.4,155.273,1914.238,53.21,45.828,1.0,0.0,0.0,0.0,0.0
00:07:45.694,1705460242744,0.0,0.0,164.974,146.748,1628.973,47.852,43.365,1,0,0,0,0.0,96.43,155.343,1911.624,53.146,45.821,1.0,0.0,0.0,0.0,0.0
00:07:45.711,1705460242761,0.0,0.0,165.007,146.702,1636.792,48.193,43.266,1,0,0,0,0.0,96.345,155.255,1912.321,53.058,45.914,1.0,0.0,0.0,0.0,0.0
00:07:45.727,1705460242777,0.0,0.0,164.977,146.734,1636.044,48.011,43.409,1,0,0,0,0.0,96.307,155.331,1917.323,53.198,45.913,1.0,0.0,0.0,0.0,0.0
00:07:45.744,1705460242794,0.0,0.0,164.918,146.698,1630.342,48.001,43.267,1,0,0,0,0.0,96.306,155.312,1909.79,53.011,45.893,1.0,0.0,0.0,0.0,0.0
00:07:45.761,1705460242811,0.0,0.0,164.962,146.782,1627.26,47.891,43.285,1,0,0,0,0.0,96.292,155.284,1916.836,53.201,45.898,1.0,0.0,0.0,0.0,0.0
00:07:45.777,1705460242827,0.0,0.0,164.908,146.693,1627.63,47.914,43.273,1,0,0,0,0.0,96.357,155.27,1902.028,52.888,45.813,1.0,0.0,0.0,0.0,0.0
00:07:45.794,1705460242844,0.0,0.0,164.906,146.617,1627.692,47.8,43.378,1,0,0,0,0.0,96.303,155.263,1914.7,53.26,45.797,1.0,0.0,0.0,0.0,0.0
00:07:45.811,1705460242861,0.0,0.0,164.799,146.755,1627.364,47.919,43.262,1,0,0,0,0.0,96.261,155.159,1909.206,52.95,45.932,1.0,0.0,0.0,0.0,0.0
00:07:45.827,1705460242877,0.0,0.0,164.763,146.701,1627.843,47.936,43.259,1,0,0,0,0.0,96.223,155.335,1915.463,53.155,45.905,1.0,0.0,0.0,0.0,0.0
00:07:45.844,1705460242894,0.0,0.0,164.747,146.743,1626.11,47.936,43.213,1,0,0,0,0.0,96.13,155.207,1914.125,53.22,45.817,1.0,0.0,0.0,0.0,0.0
00:07:45.861,1705460242911,0.0,0.0,164.724,146.758,1624.052,47.934,43.16,1,0,0,0,0.0,96.166,155.296,1909.599,53.144,45.774,1.0,0.0,0.0,0.0,0.0
00:07:45.877,1705460242927,0.0,0.0,164.661,146.775,1621.37,47.833,43.18,1,0,0,0,0.0,96.145,155.23,1912.825,53.126,45.867,1.0,0.0,0.0,0.0,0.0
00:07:45.894,1705460242944,0.0,0.0,164.653,146.768,1625.46,47.992,43.146,1,0,0,0,0.0,96.114,155.334,1910.358,53.228,45.719,1.0,0.0,0.0,0.0,0.0
00:07:45.911,1705460242961,0.0,0.0,164.614,146.792,1618.54,47.769,43.163,1,0,0,0,0.0,96.076,155.336,1918.346,53.155,45.974,1.0,0.0,0.0,0.0,0.0
00:07:45.927,1705460242977,0.0,0.0,164.571,146.743,1619.624,47.901,43.073,1,0,0,0,0.0,96.044,155.304,1918.719,53.25,45.901,1.0,0.0,0.0,0.0,0.0
00:07:45.944,1705460242994,0.0,0.0,164.51,146.721,1621.859,47.882,43.149,1,0,0,0,0.0,96.019,155.297,1922.214,53.234,45.998,1.0,0.0,0.0,0.0,0.0
00:07:45.961,1705460243011,0.0,0.0,164.421,146.749,1618.813,47.832,43.113,1,0,0,0,0.0,96.01,155.338,1918.629,53.402,45.768,1.0,0.0,0.0,0.0,0.0
00:07:45.977,1705460243027,0.0,0.0,164.463,146.733,1610.436,47.687,43.02,1,0,0,0,0.0,95.969,155.276,1922.846,53.229,46.018,1.0,0.0,0.0,0.0,0.0
00:07:45.994,1705460243044,0.0,0.0,164.394,146.718,1616.417,47.866,43.018,1,0,0,0,0.0,95.944,155.365,1919.432,53.306,45.87,1.0,0.0,0.0,0.0,0.0
00:07:46.011,1705460243061,0.0,0.0,164.386,146.785,1611.855,47.7,43.046,1,0,0,0,0.0,95.868,155.283,1922.164,53.206,46.021,1.0,0.0,0.0,0.0,0.0
00:07:46.027,1705460243077,0.0,0.0,164.369,146.709,1608.265,47.75,42.906,1,0,0,0,0.0,95.798,155.316,1924.432,53.307,45.989,1.0,0.0,0.0,0.0,0.0
00:07:46.044,1705460243094,0.0,0.0,164.371,146.738,1612.716,47.76,43.015,1,0,0,0,0.0,95.892,155.273,1918.936,53.322,45.844,1.0,0.0,0.0,0.0,0.0
00:07:46.061,1705460243111,0.0,0.0,164.303,146.655,1611.518,47.773,42.972,1,0,0,0,0.0,95.854,155.302,1928.075,53.467,45.937,1.0,0.0,0.0,0.0,0.0
00:07:46.077,1705460243127,0.0,0.0,164.336,146.683,1615.001,47.702,43.129,1,0,0,0,0.0,95.846,155.296,1917.043,53.322,45.799,1.0,0.0,0.0,0.0,0.0
00:07:46.094,1705460243144,0.0,0.0,164.298,146.721,1604.942,47.626,42.929,1,0,0,0,0.0,95.833,155.256,1919.914,53.341,45.852,1.0,0.0,0.0,0.0,0.0
00:07:46.111,1705460243161,0.0,0.0,164.243,146.657,1610.98,47.766,42.964,1,0,0,0,0.0,95.841,155.364,1919.788,53.337,45.851,1.0,0.0,0.0,0.0,0.0
00:07:46.127,1705460243177,0.0,0.0,164.129,146.696,1603.792,47.667,42.861,1,0,0,0,0.0,95.765,155.363,1917.018,53.243,45.866,1.0,0.0,0.0,0.0,0.0
00:07:46.144,1705460243194,0.0,0.0,164.115,146.755,1607.977,47.765,42.885,1,0,0,0,0.0,95.711,155.291,1918.839,53.333,45.833,1.0,0.0,0.0,0.0,0.0
00:07:46.161,1705460243211,0.0,0.0,164.143,146.762,1606.692,47.66,42.945,1,0,0,0,0.0,95.659,155.493,1916.289,53.481,45.645,1.0,0.0,0.0,0.0,0.0
00:07:46.177,1705460243227,0.0,0.0,163.916,146.744,1601.738,47.612,42.855,1,0,0,0,0.0,95.532,155.326,1925.537,53.507,45.843,1.0,0.0,0.0,0.0,0.0
00:07:46.194,1705460243244,0.0,0.0,163.355,146.857,1585.06,47.541,42.473,1,0,0,0,0.0,94.736,155.528,1906.451,53.531,45.368,1.0,0.0,0.0,0.0,0.0
00:07:46.211,1705460243261,0.0,0.0,163.303,146.924,1589.201,47.584,42.545,1,0,0,0,0.0,94.725,155.443,1893.456,53.241,45.304,1.0,0.0,0.0,0.0,0.0
00:07:46.227,1705460243277,0.0,0.0,163.284,146.806,1586.562,47.499,42.55,1,0,0,0,0.0,94.67,155.422,1890.762,53.235,45.245,1.0,0.0,0.0,0.0,0.0
00:07:46.244,1705460243294,0.0,0.0,163.284,146.924,1576.878,47.449,42.335,1,0,0,0,0.0,94.685,155.447,1882.205,52.956,45.277,1.0,0.0,0.0,0.0,0.0
00:07:46.261,1705460243311,0.0,0.0,163.234,146.83,1580.084,47.47,42.403,1,0,0,0,0.0,94.586,155.575,1881.247,53.025,45.195,1.0,0.0,0.0,0.0,0.0
00:07:46.277,1705460243327,0.0,0.0,163.306,146.897,1566.189,47.32,42.163,1,0,0,0,0.0,94.555,155.58,1867.848,52.919,44.963,1.0,0.0,0.0,0.0,0.0
00:07:46.294,1705460243344,0.0,0.0,163.275,146.838,1562.954,47.249,42.139,1,0,0,0,0.0,94.501,155.542,1857.657,52.796,44.822,1.0,0.0,0.0,0.0,0.0
00:07:46.311,1705460243361,0.0,0.0,163.223,146.868,1566.779,47.284,42.211,1,0,0,0,0.0,94.434,155.575,1849.503,52.673,44.73,1.0,0.0,0.0,0.0,0.0
00:07:46.327,1705460243377,0.0,0.0,163.249,146.765,1554.847,47.07,42.079,1,0,0,0,0.0,94.466,155.571,1852.11,52.686,44.782,1.0,0.0,0.0,0.0,0.0
00:07:46.344,1705460243394,0.0,0.0,163.259,146.834,1552.824,47.087,42.01,1,0,0,0,0.0,94.295,155.631,1823.19,52.455,44.277,1.0,0.0,0.0,0.0,0.0
00:07:46.361,1705460243411,0.0,0.0,163.182,146.779,1544.13,46.974,41.875,1,0,0,0,0.0,94.488,155.651,1838.361,52.332,44.751,1.0,0.0,0.0,0.0,0.0
00:07:46.377,1705460243427,0.0,0.0,163.251,146.695,1541.653,46.897,41.877,1,0,0,0,0.0,94.295,155.62,1820.267,52.49,44.176,1.0,0.0,0.0,0.0,0.0
00:07:46.394,1705460243444,0.0,0.0,163.236,146.698,1534.807,46.733,41.837,1,0,0,0,0.0,94.286,155.631,1812.561,52.123,44.299,1.0,0.0,0.0,0.0,0.0
00:07:46.411,1705460243461,0.0,0.0,163.157,146.822,1538.341,46.843,41.835,1,0,0,0,0.0,94.285,155.649,1812.241,52.107,44.305,1.0,0.0,0.0,0.0,0.0
00:07:46.427,1705460243477,0.0,0.0,163.151,146.752,1542.068,46.823,41.954,1,0,0,0,0.0,94.295,155.706,1816.047,52.084,44.417,1.0,0.0,0.0,0.0,0.0
00:07:46.444,1705460243494,0.0,0.0,163.145,146.718,1537.246,46.799,41.844,1,0,0,0,0.0,94.285,155.621,1811.294,52.384,44.047,1.0,0.0,0.0,0.0,0.0
00:07:46.461,1705460243511,0.0,0.0,163.102,146.697,1539.988,46.768,41.947,1,0,0,0,0.0,94.122,155.532,1803.567,52.484,43.776,1.0,0.0,0.0,0.0,0.0
00:07:46.477,1705460243527,0.0,0.0,163.062,146.726,1537.532,46.844,41.812,1,0,0,0,0.0,94.305,155.614,1807.985,52.264,44.068,1.0,0.0,0.0,0.0,0.0
00:07:46.494,1705460243544,0.0,0.0,163.075,146.728,1541.724,46.838,41.931,1,0,0,0,0.0,94.164,155.558,1788.476,51.565,44.183,1.0,0.0,0.0,0.0,0.0
00:07:46.511,1705460243561,0.0,0.0,163.102,146.806,1540.831,46.936,41.819,1,0,0,0,0.0,94.171,155.606,1811.335,52.265,44.148,1.0,0.0,0.0,0.0,0.0
00:07:46.527,1705460243577,0.0,0.0,163.096,146.7,1538.139,46.847,41.826,1,0,0,0,0.0,94.245,155.479,1817.788,52.37,44.217,1.0,0.0,0.0,0.0,0.0
00:07:46.544,1705460243594,0.0,0.0,163.111,146.751,1543.812,46.847,41.98,1,0,0,0,0.0,94.19,155.55,1815.717,52.216,44.297,1.0,0.0,0.0,0.0,0.0
00:07:46.561,1705460243611,0.0,0.0,163.087,146.711,1545.597,46.86,42.017,1,0,0,0,0.0,94.308,155.569,1816.987,52.147,44.387,1.0,0.0,0.0,0.0,0.0
00:07:46.577,1705460243627,0.0,0.0,163.129,146.824,1548.731,46.994,41.982,1,0,0,0,0.0,94.248,155.571,1817.203,52.28,44.279,1.0,0.0,0.0,0.0,0.0
00:07:46.594,1705460243644,0.0,0.0,163.136,146.666,1556.113,47.125,42.065,1,0,0,0,0.0,94.363,155.556,1830.401,52.316,44.57,1.0,0.0,0.0,0.0,0.0
00:07:46.611,1705460243661,0.0,0.0,163.062,146.8,1555.844,47.134,42.049,1,0,0,0,0.0,94.384,155.537,1833.024,52.315,44.634,1.0,0.0,0.0,0.0,0.0
00:07:46.627,1705460243677,0.0,0.0,163.116,146.73,1558.45,47.071,42.176,1,0,0,0,0.0,94.371,155.531,1844.368,52.533,44.725,1.0,0.0,0.0,0.0,0.0
00:07:46.644,1705460243694,0.0,0.0,163.122,146.858,1559.246,47.165,42.114,1,0,0,0,0.0,94.353,155.589,1847.638,52.536,44.801,1.0,0.0,0.0,0.0,0.0
00:07:46.661,1705460243711,0.0,0.0,163.111,146.811,1565.19,47.199,42.244,1,0,0,0,0.0,94.461,155.544,1854.991,52.655,44.878,1.0,0.0,0.0,0.0,0.0
00:07:46.677,1705460243727,0.0,0.0,163.038,146.913,1570.632,47.379,42.23,1,0,0,0,0.0,94.26,155.56,1836.396,52.439,44.611,1.0,0.0,0.0,0.0,0.0
00:07:46.694,1705460243744,0.0,0.0,163.07,146.752,1568.151,47.23,42.296,1,0,0,0,0.0,94.387,155.637,1852.517,52.668,44.807,1.0,0.0,0.0,0.0,0.0
00:07:46.711,1705460243761,0.0,0.0,165.959,145.795,1560.908,46.665,42.611,1,0,0,0,0.0,95.0,155.618,1865.171,52.767,45.029,1.0,0.0,0.0,0.0,0.0
00:07:46.727,1705460243777,0.0,0.0,175.673,141.47,1495.147,45.263,42.08,0,3883,1,0,0.0,105.215,151.8,1862.971,51.835,45.784,0.0,3867.0,1.0,0.0,0.0
00:07:46.744,1705460243794,0.0,0.0,184.278,147.571,653.744,35.081,23.739,0,0,1,0,0.0,114.746,149.316,1599.856,48.292,42.203,0.0,0.0,1.0,0.0,0.0
00:07:46.761,1705460243811,0.0,0.0,0.0,0.0,0.0,0.0,0.0,0,0,0,34,7.986,119.206,158.238,342.666,22.864,19.092,0.0,0.0,1.0,0.0,0.0
00:07:46.777,1705460243827,0.0,0.0,0.0,0.0,0.0,0.0,0.0,0,0,0,0,0.0,0.0,0.0,0.0,0.0,0.0,0.0,0.0,0.0,50.0,9.44
00:07:46.794,1705460243844,0.0,0.0,0.0,0.0,0.0,0.0,0.0,0,0,0,0,0.0,0.0,0.0,0.0,0.0,0.0,0.0,0.0,0.0,0.0,0.0
00:07:46.811,1705460243861,0.0,0.0,0.0,0.0,0.0,0.0,0.0,0,0,0,0,0.0,0.0,0.0,0.0,0.0,0.0,0.0,0.0,0.0,0.0,0.0
