rec_time,UTC,Pupil X,Pupil Y,Left Eye_Pupil X,Left Eye_Pupil Y,Left Eye_Pupil Area,Left Eye_Pupil Height,Left Eye_Pupil Width,Left Eye_Fixations_Fixations,Left Eye_Fixations_Fixations Duration,Left Eye_Saccades_Saccades,Left Eye_Saccades_Saccades Duration,Left Eye_Saccades_Saccades Angle,Right Eye_Pupil X,Right Eye_Pupil Y,Right Eye_Pupil Area,Right Eye_Pupil Height,Right Eye_Pupil Width,Right Eye_Fixations_Fixations,Right Eye_Fixations_Fixations Duration,Right Eye_Saccades_Saccades,Right Eye_Saccades_Saccades Duration,Right Eye_Saccades_Saccades Angle
00:02:22.229,1705373725131,0.0,0.0,0.0,0.0,0.0,0.0,0.0,0,0,0,0,0.0,0.0,0.0,0.0,0.0,0.0,0.0,350.0,0.0,0.0,0.0
00:02:22.246,1705373725148,0.0,0.0,0.0,0.0,0.0,0.0,0.0,0,0,0,0,0.0,0.0,0.0,0.0,0.0,0.0,0.0,0.0,0.0,0.0,0.0
00:02:22.263,1705373725165,0.0,0.0,0.0,0.0,0.0,0.0,0.0,0,0,0,0,0.0,0.0,0.0,0.0,0.0,0.0,0.0,0.0,0.0,0.0,0.0
00:02:22.279,1705373725181,0.0,0.0,0.0,0.0,0.0,0.0,0.0,0,0,0,0,0.0,0.0,0.0,0.0,0.0,0.0,0.0,0.0,0.0,0.0,0.0
00:02:22.296,1705373725198,0.0,0.0,0.0,0.0,0.0,0.0,0.0,0,0,0,0,0.0,0.0,0.0,0.0,0.0,0.0,0.0,0.0,0.0,0.0,0.0
00:02:22.313,1705373725215,0.0,0.0,0.0,0.0,0.0,0.0,0.0,0,0,0,0,0.0,214.361,124.43,387.25,26.914,18.329,0.0,0.0,0.0,0.0,0.0
00:02:22.329,1705373725231,0.0,0.0,196.636,123.267,683.95,32.366,26.919,0,0,0,0,0.0,214.699,121.85,599.091,30.453,25.061,1.0,0.0,0.0,0.0,0.0
00:02:22.346,1705373725248,0.0,0.0,197.453,122.706,723.926,32.104,28.725,1,0,0,0,0.0,214.941,121.512,646.424,29.518,27.897,1.0,0.0,0.0,0.0,0.0
00:02:22.363,1705373725265,0.0,0.0,198.301,123.831,745.817,32.578,29.163,1,0,0,0,0.0,215.035,122.426,638.748,29.851,27.258,1.0,0.0,0.0,0.0,0.0
00:02:22.379,1705373725281,0.0,0.0,198.733,125.047,741.413,32.162,29.366,1,0,0,0,0.0,215.576,123.304,636.136,29.647,27.334,1.0,0.0,0.0,0.0,0.0
00:02:22.396,1705373725298,0.0,0.0,199.588,125.888,761.926,32.799,29.592,1,0,0,0,0.0,215.674,124.153,651.126,29.821,27.814,1.0,0.0,0.0,0.0,0.0
00:02:22.413,1705373725315,0.0,0.0,200.029,126.507,750.877,32.776,29.184,1,0,0,0,0.0,215.803,124.886,650.34,29.819,27.783,1.0,0.0,0.0,0.0,0.0
00:02:22.429,1705373725331,0.0,0.0,200.576,127.083,746.695,32.617,29.163,1,0,0,0,0.0,216.171,125.455,654.816,30.057,27.753,1.0,0.0,0.0,0.0,0.0
00:02:22.446,1705373725348,0.0,0.0,201.141,128.51,772.436,32.045,30.706,1,0,0,0,0.0,216.469,126.137,651.497,30.128,27.547,1.0,0.0,0.0,0.0,0.0
00:02:22.463,1705373725365,0.0,0.0,201.481,129.16,769.477,31.966,30.665,1,0,0,0,0.0,216.945,126.835,649.128,29.687,27.855,1.0,0.0,0.0,0.0,0.0
00:02:22.479,1705373725381,0.0,0.0,201.799,129.588,767.064,32.183,30.362,1,0,0,0,0.0,216.999,127.414,654.653,29.87,27.92,1.0,0.0,0.0,0.0,0.0
00:02:22.496,1705373725398,0.0,0.0,202.069,130.548,782.345,31.974,31.17,1,0,0,0,0.0,217.525,127.923,651.337,29.96,27.694,1.0,0.0,0.0,0.0,0.0
00:02:22.513,1705373725415,0.0,0.0,203.471,131.491,765.619,31.83,30.641,1,0,0,0,0.0,217.696,128.554,661.448,30.188,27.912,1.0,0.0,0.0,0.0,0.0
00:02:22.529,1705373725431,0.0,0.0,205.249,132.903,782.144,31.939,31.196,1,0,0,0,0.0,218.656,130.313,653.932,29.615,28.129,1.0,0.0,0.0,0.0,0.0
00:02:22.546,1705373725448,0.0,0.0,205.32,134.07,784.968,31.941,31.306,1,0,0,0,0.0,218.978,131.577,670.821,29.864,28.614,1.0,0.0,0.0,0.0,0.0
00:02:22.563,1705373725465,0.0,0.0,205.213,134.469,786.621,32.036,31.279,1,0,0,0,0.0,219.218,132.519,689.771,30.013,29.277,1.0,0.0,0.0,0.0,0.0
00:02:22.579,1705373725481,0.0,0.0,205.008,134.294,795.078,32.271,31.385,1,0,0,0,0.0,219.596,132.249,674.852,30.139,28.524,1.0,0.0,0.0,0.0,0.0
00:02:22.596,1705373725498,0.0,0.0,204.584,134.194,800.484,32.319,31.552,1,0,0,0,0.0,219.006,132.38,690.31,30.208,29.11,1.0,0.0,0.0,0.0,0.0
00:02:22.613,1705373725515,0.0,0.0,204.61,134.126,804.968,32.472,31.579,1,0,0,0,0.0,219.033,132.51,697.987,30.122,29.519,1.0,0.0,0.0,0.0,0.0
00:02:22.629,1705373725531,0.0,0.0,204.28,133.986,799.473,32.37,31.463,1,0,0,0,0.0,218.897,132.42,697.447,30.064,29.553,1.0,0.0,0.0,0.0,0.0
00:02:22.646,1705373725548,0.0,0.0,203.901,133.809,800.754,32.457,31.428,1,0,0,0,0.0,218.743,132.276,699.055,30.181,29.506,1.0,0.0,0.0,0.0,0.0
00:02:22.663,1705373725565,0.0,0.0,203.96,133.66,802.872,32.506,31.464,1,0,0,0,0.0,218.716,132.371,682.667,29.916,29.069,1.0,0.0,0.0,0.0,0.0
00:02:22.679,1705373725581,0.0,0.0,203.745,133.671,813.679,32.722,31.677,1,0,0,0,0.0,218.452,132.12,700.768,30.212,29.548,1.0,0.0,0.0,0.0,0.0
00:02:22.696,1705373725598,0.0,0.0,203.708,133.518,803.844,32.579,31.431,1,0,0,0,0.0,218.408,132.061,692.517,30.186,29.225,1.0,0.0,0.0,0.0,0.0
00:02:22.713,1705373725615,0.0,0.0,208.834,133.039,698.399,32.004,27.799,0,367,1,0,0.0,219.032,132.024,688.918,30.048,29.206,1.0,0.0,0.0,0.0,0.0
00:02:22.729,1705373725631,0.0,0.0,218.023,130.786,628.12,30.238,26.462,0,0,1,0,0.0,226.034,130.83,590.336,29.481,25.509,0.0,400.0,1.0,0.0,0.0
00:02:22.746,1705373725648,0.0,0.0,223.356,131.456,722.727,31.683,29.059,0,0,1,0,0.0,233.376,130.191,597.754,28.888,26.36,0.0,0.0,1.0,0.0,0.0
00:02:22.763,1705373725665,0.0,0.0,223.299,131.676,740.988,31.689,29.787,1,0,0,50,8.364,235.025,130.166,607.684,28.878,26.806,1.0,0.0,0.0,33.0,6.38
00:02:22.779,1705373725681,0.0,0.0,223.226,131.692,728.786,31.565,29.412,1,0,0,0,0.0,235.226,130.255,614.914,28.997,27.015,1.0,0.0,0.0,0.0,0.0
00:02:22.796,1705373725698,0.0,0.0,222.869,131.666,734.271,31.701,29.506,1,0,0,0,0.0,235.321,130.05,608.13,28.907,26.8,1.0,0.0,0.0,0.0,0.0
00:02:22.813,1705373725715,0.0,0.0,223.075,131.204,712.991,31.463,28.868,1,0,0,0,0.0,235.317,130.071,602.761,28.758,26.7,1.0,0.0,0.0,0.0,0.0
00:02:22.829,1705373725731,0.0,0.0,222.937,130.664,687.185,31.405,27.875,1,0,0,0,0.0,235.415,130.08,598.293,28.562,26.684,1.0,0.0,0.0,0.0,0.0
00:02:22.846,1705373725748,0.0,0.0,222.776,131.142,710.142,31.45,28.765,1,0,0,0,0.0,235.157,129.752,599.461,28.663,26.642,1.0,0.0,0.0,0.0,0.0
00:02:22.863,1705373725765,0.0,0.0,222.765,130.927,704.514,31.517,28.476,1,0,0,0,0.0,235.168,129.716,595.758,28.5,26.629,1.0,0.0,0.0,0.0,0.0
00:02:22.879,1705373725781,0.0,0.0,222.489,130.559,691.831,31.224,28.226,1,0,0,0,0.0,235.272,129.584,590.621,28.491,26.407,1.0,0.0,0.0,0.0,0.0
00:02:22.896,1705373725798,0.0,0.0,222.514,130.493,694.747,31.284,28.29,1,0,0,0,0.0,235.066,129.705,578.406,28.218,26.111,1.0,0.0,0.0,0.0,0.0
00:02:22.913,1705373725815,0.0,0.0,222.304,130.731,710.001,31.395,28.809,1,0,0,0,0.0,235.102,129.53,593.099,28.49,26.519,1.0,0.0,0.0,0.0,0.0
00:02:22.929,1705373725831,0.0,0.0,222.214,130.709,703.387,31.232,28.69,1,0,0,0,0.0,235.079,129.505,588.411,28.558,26.247,1.0,0.0,0.0,0.0,0.0
00:02:22.946,1705373725848,0.0,0.0,222.336,130.654,697.431,30.808,28.838,1,0,0,0,0.0,235.033,129.253,581.348,28.13,26.326,1.0,0.0,0.0,0.0,0.0
00:02:22.963,1705373725865,0.0,0.0,221.904,130.255,706.268,31.217,28.821,1,0,0,0,0.0,235.078,129.278,581.332,28.21,26.251,1.0,0.0,0.0,0.0,0.0
00:02:22.979,1705373725881,0.0,0.0,221.283,129.73,682.738,31.021,28.037,1,0,0,0,0.0,235.04,128.812,581.817,28.183,26.299,1.0,0.0,0.0,0.0,0.0
00:02:22.996,1705373725898,0.0,0.0,222.816,135.089,293.953,22.282,16.806,0,233,1,0,0.0,235.09,128.646,511.071,27.13,23.998,1.0,0.0,0.0,0.0,0.0
00:02:23.013,1705373725915,0.0,0.0,0.0,0.0,0.0,0.0,0.0,0,0,0,17,1.693,0.0,0.0,0.0,0.0,0.0,0.0,250.0,0.0,0.0,0.0
00:02:23.029,1705373725931,0.0,0.0,0.0,0.0,0.0,0.0,0.0,0,0,0,0,0.0,0.0,0.0,0.0,0.0,0.0,0.0,0.0,0.0,0.0,0.0
00:02:23.046,1705373725948,0.0,0.0,0.0,0.0,0.0,0.0,0.0,0,0,0,0,0.0,0.0,0.0,0.0,0.0,0.0,0.0,0.0,0.0,0.0,0.0
00:02:23.063,1705373725965,0.0,0.0,0.0,0.0,0.0,0.0,0.0,0,0,0,0,0.0,0.0,0.0,0.0,0.0,0.0,0.0,0.0,0.0,0.0,0.0
00:02:23.079,1705373725981,0.0,0.0,0.0,0.0,0.0,0.0,0.0,0,0,0,0,0.0,0.0,0.0,0.0,0.0,0.0,0.0,0.0,0.0,0.0,0.0
00:02:23.096,1705373725998,0.0,0.0,0.0,0.0,0.0,0.0,0.0,0,0,0,0,0.0,0.0,0.0,0.0,0.0,0.0,0.0,0.0,0.0,0.0,0.0
00:02:23.113,1705373726015,0.0,0.0,0.0,0.0,0.0,0.0,0.0,0,0,0,0,0.0,0.0,0.0,0.0,0.0,0.0,0.0,0.0,0.0,0.0,0.0
00:02:23.129,1705373726031,0.0,0.0,0.0,0.0,0.0,0.0,0.0,0,0,0,0,0.0,0.0,0.0,0.0,0.0,0.0,0.0,0.0,0.0,0.0,0.0
00:02:23.146,1705373726048,0.0,0.0,0.0,0.0,0.0,0.0,0.0,0,0,0,0,0.0,229.389,136.372,233.118,22.674,13.097,0.0,0.0,0.0,0.0,0.0
00:02:23.163,1705373726065,0.0,0.0,0.0,0.0,0.0,0.0,0.0,0,0,0,0,0.0,228.673,132.827,440.109,28.518,19.659,1.0,0.0,0.0,0.0,0.0
00:02:23.179,1705373726081,0.0,0.0,0.0,0.0,0.0,0.0,0.0,0,0,0,0,0.0,228.597,130.455,603.395,28.706,26.777,1.0,0.0,0.0,0.0,0.0
00:02:23.196,1705373726098,0.0,0.0,0.0,0.0,0.0,0.0,0.0,0,0,0,0,0.0,228.603,130.59,614.959,29.076,26.942,1.0,0.0,0.0,0.0,0.0
00:02:23.213,1705373726115,0.0,0.0,0.0,0.0,0.0,0.0,0.0,0,0,0,0,0.0,228.784,131.083,614.533,28.91,27.079,1.0,0.0,0.0,0.0,0.0
00:02:23.229,1705373726131,0.0,0.0,0.0,0.0,0.0,0.0,0.0,0,0,0,0,0.0,228.629,131.403,627.129,29.184,27.374,1.0,0.0,0.0,0.0,0.0
00:02:23.246,1705373726148,0.0,0.0,0.0,0.0,0.0,0.0,0.0,0,0,0,0,0.0,228.826,131.677,627.429,29.256,27.32,1.0,0.0,0.0,0.0,0.0
00:02:23.263,1705373726165,0.0,0.0,0.0,0.0,0.0,0.0,0.0,0,0,0,0,0.0,228.629,131.771,640.743,29.604,27.572,1.0,0.0,0.0,0.0,0.0
00:02:23.279,1705373726181,0.0,0.0,0.0,0.0,0.0,0.0,0.0,0,0,0,0,0.0,228.621,131.875,647.787,29.734,27.753,1.0,0.0,0.0,0.0,0.0
00:02:23.296,1705373726198,0.0,0.0,0.0,0.0,0.0,0.0,0.0,0,0,0,0,0.0,228.542,131.932,649.852,29.79,27.789,1.0,0.0,0.0,0.0,0.0
00:02:23.313,1705373726215,0.0,0.0,0.0,0.0,0.0,0.0,0.0,0,0,0,0,0.0,228.557,131.866,649.645,29.643,27.918,1.0,0.0,0.0,0.0,0.0
00:02:23.329,1705373726231,0.0,0.0,213.689,133.769,842.137,33.067,32.443,0,0,0,0,0.0,228.531,132.086,655.861,30.082,27.774,1.0,0.0,0.0,0.0,0.0
00:02:23.346,1705373726248,0.0,0.0,213.62,133.799,844.293,33.178,32.417,1,0,0,0,0.0,228.549,132.084,662.839,30.078,28.073,1.0,0.0,0.0,0.0,0.0
00:02:23.363,1705373726265,0.0,0.0,213.577,133.914,851.624,33.252,32.626,1,0,0,0,0.0,228.567,132.079,665.733,30.179,28.101,1.0,0.0,0.0,0.0,0.0
00:02:23.379,1705373726281,0.0,0.0,213.81,133.954,851.651,33.344,32.536,1,0,0,0,0.0,228.696,132.326,666.882,30.18,28.149,1.0,0.0,0.0,0.0,0.0
00:02:23.396,1705373726298,0.0,0.0,213.598,134.018,865.328,33.559,32.848,1,0,0,0,0.0,228.526,132.196,678.097,30.386,28.429,1.0,0.0,0.0,0.0,0.0
00:02:23.413,1705373726315,0.0,0.0,213.615,134.059,866.275,33.527,32.915,1,0,0,0,0.0,228.53,132.347,686.249,30.503,28.66,1.0,0.0,0.0,0.0,0.0
00:02:23.429,1705373726331,0.0,0.0,213.645,134.169,873.307,33.571,33.139,1,0,0,0,0.0,228.438,132.386,695.274,30.7,28.85,1.0,0.0,0.0,0.0,0.0
00:02:23.446,1705373726348,0.0,0.0,213.52,134.161,869.617,33.767,32.807,1,0,0,0,0.0,228.515,132.533,693.897,30.81,28.691,1.0,0.0,0.0,0.0,0.0
00:02:23.463,1705373726365,0.0,0.0,213.578,134.225,888.595,33.905,33.386,1,0,0,0,0.0,228.59,132.519,699.867,30.949,28.807,1.0,0.0,0.0,0.0,0.0
00:02:23.479,1705373726381,0.0,0.0,213.598,134.22,892.254,33.908,33.521,1,0,0,0,0.0,228.384,132.571,697.227,30.808,28.829,1.0,0.0,0.0,0.0,0.0
00:02:23.496,1705373726398,0.0,0.0,213.695,134.395,883.766,33.829,33.279,1,0,0,0,0.0,228.398,132.611,703.28,30.959,28.938,1.0,0.0,0.0,0.0,0.0
00:02:23.513,1705373726415,0.0,0.0,213.677,134.391,888.376,33.922,33.362,1,0,0,0,0.0,228.607,132.645,702.205,31.16,28.708,1.0,0.0,0.0,0.0,0.0
00:02:23.529,1705373726431,0.0,0.0,213.62,134.509,881.432,33.87,33.151,1,0,0,0,0.0,228.47,132.906,703.933,31.077,28.855,1.0,0.0,0.0,0.0,0.0
00:02:23.546,1705373726448,0.0,0.0,213.76,134.585,882.869,33.732,33.341,1,0,0,0,0.0,228.492,132.922,706.324,31.157,28.879,1.0,0.0,0.0,0.0,0.0
00:02:23.563,1705373726465,0.0,0.0,213.726,134.698,879.829,33.719,33.239,1,0,0,0,0.0,228.475,132.999,691.099,30.781,28.601,1.0,0.0,0.0,0.0,0.0
00:02:23.579,1705373726481,0.0,0.0,213.703,134.721,871.227,33.511,33.119,1,0,0,0,0.0,228.407,133.056,691.853,30.874,28.547,1.0,0.0,0.0,0.0,0.0
00:02:23.596,1705373726498,0.0,0.0,213.678,134.816,861.126,33.517,32.729,1,0,0,0,0.0,228.439,133.122,686.055,30.341,28.804,1.0,0.0,0.0,0.0,0.0
00:02:23.613,1705373726515,0.0,0.0,213.939,134.805,846.466,33.212,32.467,1,0,0,0,0.0,228.25,133.014,681.804,30.504,28.473,1.0,0.0,0.0,0.0,0.0
00:02:23.629,1705373726531,0.0,0.0,213.753,134.714,845.16,33.076,32.55,1,0,0,0,0.0,228.37,132.969,677.156,30.475,28.306,1.0,0.0,0.0,0.0,0.0
00:02:23.646,1705373726548,0.0,0.0,213.84,134.568,831.849,32.833,32.275,1,0,0,0,0.0,228.398,132.874,674.276,30.313,28.336,1.0,0.0,0.0,0.0,0.0
00:02:23.663,1705373726565,0.0,0.0,213.795,134.295,823.88,32.794,32.004,1,0,0,0,0.0,228.383,132.755,665.09,29.97,28.27,1.0,0.0,0.0,0.0,0.0
00:02:23.679,1705373726581,0.0,0.0,213.381,134.198,808.095,32.39,31.782,1,0,0,0,0.0,228.508,132.7,659.87,29.839,28.171,1.0,0.0,0.0,0.0,0.0
00:02:23.696,1705373726598,0.0,0.0,212.658,134.153,758.586,32.433,29.796,1,0,0,0,0.0,228.625,132.011,648.564,29.631,27.883,1.0,0.0,0.0,0.0,0.0
00:02:23.713,1705373726615,0.0,0.0,0.0,0.0,0.0,0.0,0.0,0,367,0,0,0.0,230.311,136.225,395.065,25.544,19.702,0.0,550.0,1.0,0.0,0.0
00:02:23.729,1705373726631,0.0,0.0,0.0,0.0,0.0,0.0,0.0,0,0,0,0,0.0,0.0,0.0,0.0,0.0,0.0,0.0,0.0,0.0,17.0,1.731
00:02:23.746,1705373726648,0.0,0.0,0.0,0.0,0.0,0.0,0.0,0,0,0,0,0.0,0.0,0.0,0.0,0.0,0.0,0.0,0.0,0.0,0.0,0.0
00:02:23.763,1705373726665,0.0,0.0,0.0,0.0,0.0,0.0,0.0,0,0,0,0,0.0,0.0,0.0,0.0,0.0,0.0,0.0,0.0,0.0,0.0,0.0
00:02:23.779,1705373726681,0.0,0.0,0.0,0.0,0.0,0.0,0.0,0,0,0,0,0.0,0.0,0.0,0.0,0.0,0.0,0.0,0.0,0.0,0.0,0.0
00:02:23.796,1705373726698,0.0,0.0,0.0,0.0,0.0,0.0,0.0,0,0,0,0,0.0,0.0,0.0,0.0,0.0,0.0,0.0,0.0,0.0,0.0,0.0
00:02:23.813,1705373726715,0.0,0.0,0.0,0.0,0.0,0.0,0.0,0,0,0,0,0.0,0.0,0.0,0.0,0.0,0.0,0.0,0.0,0.0,0.0,0.0
00:02:23.829,1705373726731,0.0,0.0,218.231,136.238,556.291,32.077,22.092,0,0,0,0,0.0,234.701,137.226,323.798,25.176,16.384,0.0,0.0,0.0,0.0,0.0
00:02:23.846,1705373726748,0.0,0.0,220.559,134.812,655.63,30.43,27.446,1,0,0,0,0.0,237.227,135.88,389.211,24.597,20.157,1.0,0.0,0.0,0.0,0.0
00:02:23.863,1705373726765,0.0,0.0,220.994,133.565,705.05,30.757,29.202,1,0,0,0,0.0,235.483,132.863,585.535,28.116,26.53,1.0,0.0,0.0,0.0,0.0
00:02:23.879,1705373726781,0.0,0.0,221.092,134.058,725.415,30.67,30.131,1,0,0,0,0.0,235.399,132.837,584.97,28.437,26.204,1.0,0.0,0.0,0.0,0.0
00:02:23.896,1705373726798,0.0,0.0,221.238,134.157,720.685,30.63,29.973,1,0,0,0,0.0,235.462,133.121,584.541,28.201,26.405,1.0,0.0,0.0,0.0,0.0
00:02:23.913,1705373726815,0.0,0.0,221.368,134.482,706.267,30.576,29.425,1,0,0,0,0.0,235.318,133.158,589.57,28.332,26.508,1.0,0.0,0.0,0.0,0.0
00:02:23.929,1705373726831,0.0,0.0,221.374,134.351,723.257,30.662,30.048,1,0,0,0,0.0,235.414,133.235,591.257,28.29,26.624,1.0,0.0,0.0,0.0,0.0
00:02:23.946,1705373726848,0.0,0.0,221.407,134.369,716.785,30.588,29.852,1,0,0,0,0.0,235.395,133.42,593.597,28.368,26.656,1.0,0.0,0.0,0.0,0.0
00:02:23.963,1705373726865,0.0,0.0,221.423,134.408,717.286,30.702,29.762,1,0,0,0,0.0,235.422,133.323,596.247,28.455,26.693,1.0,0.0,0.0,0.0,0.0
00:02:23.979,1705373726881,0.0,0.0,221.48,134.423,722.694,30.682,30.005,1,0,0,0,0.0,235.403,133.179,592.441,28.429,26.546,1.0,0.0,0.0,0.0,0.0
00:02:23.996,1705373726898,0.0,0.0,221.3,134.482,727.491,30.784,30.104,1,0,0,0,0.0,235.305,133.12,593.194,28.465,26.547,1.0,0.0,0.0,0.0,0.0
00:02:24.013,1705373726915,0.0,0.0,221.333,134.536,731.12,30.81,30.229,1,0,0,0,0.0,235.209,133.176,600.082,28.562,26.764,1.0,0.0,0.0,0.0,0.0
00:02:24.029,1705373726931,0.0,0.0,221.302,134.577,737.636,31.039,30.273,1,0,0,0,0.0,235.031,133.154,594.42,28.395,26.667,1.0,0.0,0.0,0.0,0.0
00:02:24.046,1705373726948,0.0,0.0,221.215,134.719,737.577,30.965,30.344,1,0,0,0,0.0,235.073,133.153,610.356,28.735,27.058,1.0,0.0,0.0,0.0,0.0
00:02:24.063,1705373726965,0.0,0.0,221.261,134.836,738.186,30.993,30.341,1,0,0,0,0.0,235.028,133.116,610.191,28.837,26.955,1.0,0.0,0.0,0.0,0.0
00:02:24.079,1705373726981,0.0,0.0,220.978,134.693,748.626,31.203,30.563,1,0,0,0,0.0,235.08,133.008,613.654,29.128,26.838,1.0,0.0,0.0,0.0,0.0
00:02:24.096,1705373726998,0.0,0.0,215.368,135.121,682.07,31.844,27.286,0,250,1,0,0.0,234.294,133.152,608.796,28.515,27.198,1.0,0.0,0.0,0.0,0.0
00:02:24.113,1705373727015,0.0,0.0,206.765,134.308,740.803,31.44,30.016,0,0,1,0,0.0,227.047,132.837,568.489,28.501,25.409,0.0,267.0,1.0,0.0,0.0
00:02:24.129,1705373727031,0.0,0.0,205.226,134.689,787.146,31.936,31.398,1,0,0,33,5.783,220.325,133.216,625.924,29.455,27.071,0.0,0.0,1.0,0.0,0.0
00:02:24.146,1705373727048,0.0,0.0,205.054,135.024,795.277,32.018,31.641,1,0,0,0,0.0,218.956,133.226,684.714,30.017,29.058,1.0,0.0,0.0,33.0,6.009
00:02:24.163,1705373727065,0.0,0.0,205.003,135.012,799.406,32.186,31.64,1,0,0,0,0.0,219.645,132.905,660.447,30.242,27.82,1.0,0.0,0.0,0.0,0.0
00:02:24.179,1705373727081,0.0,0.0,204.909,135.055,802.381,32.157,31.786,1,0,0,0,0.0,219.203,133.358,688.542,30.104,29.137,1.0,0.0,0.0,0.0,0.0
00:02:24.196,1705373727098,0.0,0.0,204.769,135.191,810.568,32.387,31.882,1,0,0,0,0.0,219.444,133.245,691.152,30.188,29.166,1.0,0.0,0.0,0.0,0.0
00:02:24.213,1705373727115,0.0,0.0,204.67,135.333,810.447,32.552,31.716,1,0,0,0,0.0,219.341,133.423,694.08,30.159,29.317,1.0,0.0,0.0,0.0,0.0
00:02:24.229,1705373727131,0.0,0.0,204.692,135.33,822.808,32.699,32.054,1,0,0,0,0.0,218.839,133.458,679.769,30.249,28.628,1.0,0.0,0.0,0.0,0.0
00:02:24.246,1705373727148,0.0,0.0,204.644,135.335,814.882,32.614,31.828,1,0,0,0,0.0,219.423,133.405,697.58,30.181,29.443,1.0,0.0,0.0,0.0,0.0
00:02:24.263,1705373727165,0.0,0.0,204.658,135.454,813.547,32.72,31.673,1,0,0,0,0.0,219.46,133.347,692.241,30.415,28.993,1.0,0.0,0.0,0.0,0.0
00:02:24.279,1705373727181,0.0,0.0,204.613,135.558,818.655,32.556,32.033,1,0,0,0,0.0,219.54,133.652,705.694,30.242,29.726,1.0,0.0,0.0,0.0,0.0
00:02:24.296,1705373727198,0.0,0.0,204.266,135.263,818.639,32.555,32.033,1,0,0,0,0.0,219.363,133.368,698.613,30.488,29.19,1.0,0.0,0.0,0.0,0.0
00:02:24.313,1705373727215,0.0,0.0,204.191,135.315,819.709,32.631,32.0,1,0,0,0,0.0,219.273,133.153,698.961,30.563,29.133,1.0,0.0,0.0,0.0,0.0
00:02:24.329,1705373727231,0.0,0.0,204.125,135.235,818.604,32.528,32.059,1,0,0,0,0.0,219.094,133.359,708.093,30.571,29.506,1.0,0.0,0.0,0.0,0.0
00:02:24.346,1705373727248,0.0,0.0,203.766,135.03,801.321,32.407,31.499,1,0,0,0,0.0,219.153,133.187,707.111,30.701,29.34,1.0,0.0,0.0,0.0,0.0
00:02:24.363,1705373727265,0.0,0.0,203.135,134.079,792.881,32.477,31.1,1,0,0,0,0.0,219.289,132.664,677.721,30.105,28.678,1.0,0.0,0.0,0.0,0.0
00:02:24.379,1705373727281,0.0,0.0,0.0,0.0,0.0,0.0,0.0,0,250,0,0,0.0,219.258,132.727,637.793,30.004,27.079,1.0,0.0,0.0,0.0,0.0
00:02:24.396,1705373727298,0.0,0.0,0.0,0.0,0.0,0.0,0.0,0,0,0,0,0.0,0.0,0.0,0.0,0.0,0.0,0.0,250.0,0.0,0.0,0.0
00:02:24.413,1705373727315,0.0,0.0,0.0,0.0,0.0,0.0,0.0,0,0,0,0,0.0,0.0,0.0,0.0,0.0,0.0,0.0,0.0,0.0,0.0,0.0
00:02:24.429,1705373727331,0.0,0.0,0.0,0.0,0.0,0.0,0.0,0,0,0,0,0.0,0.0,0.0,0.0,0.0,0.0,0.0,0.0,0.0,0.0,0.0
00:02:24.446,1705373727348,0.0,0.0,0.0,0.0,0.0,0.0,0.0,0,0,0,0,0.0,0.0,0.0,0.0,0.0,0.0,0.0,0.0,0.0,0.0,0.0
00:02:24.463,1705373727365,0.0,0.0,0.0,0.0,0.0,0.0,0.0,0,0,0,0,0.0,0.0,0.0,0.0,0.0,0.0,0.0,0.0,0.0,0.0,0.0
00:02:24.479,1705373727381,0.0,0.0,0.0,0.0,0.0,0.0,0.0,0,0,0,0,0.0,101.544,156.028,95.644,14.75,8.261,0.0,0.0,0.0,0.0,0.0
00:02:24.496,1705373727398,0.0,0.0,0.0,0.0,0.0,0.0,0.0,0,0,0,0,0.0,0.0,0.0,0.0,0.0,0.0,0.0,0.0,0.0,0.0,0.0
00:02:24.513,1705373727415,0.0,0.0,0.0,0.0,0.0,0.0,0.0,0,0,0,0,0.0,104.424,156.317,144.187,14.62,12.564,0.0,0.0,0.0,0.0,0.0
00:02:24.529,1705373727431,0.0,0.0,0.0,0.0,0.0,0.0,0.0,0,0,0,0,0.0,104.059,155.591,120.867,14.614,10.536,1.0,0.0,0.0,0.0,0.0
00:02:24.546,1705373727448,0.0,0.0,0.0,0.0,0.0,0.0,0.0,0,0,0,0,0.0,104.525,154.437,120.514,14.611,10.508,1.0,0.0,0.0,0.0,0.0
00:02:24.563,1705373727465,0.0,0.0,0.0,0.0,0.0,0.0,0.0,0,0,0,0,0.0,103.677,155.341,91.107,11.68,9.936,1.0,0.0,0.0,0.0,0.0
00:02:24.579,1705373727481,0.0,0.0,0.0,0.0,0.0,0.0,0.0,0,0,0,0,0.0,103.508,156.047,59.373,12.093,6.254,1.0,0.0,0.0,0.0,0.0
00:02:24.596,1705373727498,0.0,0.0,0.0,0.0,0.0,0.0,0.0,0,0,0,0,0.0,219.806,131.196,615.047,28.998,27.019,0.0,66.0,1.0,0.0,0.0
00:02:24.613,1705373727515,0.0,0.0,0.0,0.0,0.0,0.0,0.0,0,0,0,0,0.0,219.654,131.371,616.644,29.376,26.741,1.0,0.0,0.0,17.0,47.342
00:02:24.629,1705373727531,0.0,0.0,0.0,0.0,0.0,0.0,0.0,0,0,0,0,0.0,219.71,131.596,612.951,29.123,26.812,1.0,0.0,0.0,0.0,0.0
00:02:24.646,1705373727548,0.0,0.0,0.0,0.0,0.0,0.0,0.0,0,0,0,0,0.0,219.825,131.758,632.187,29.646,27.165,1.0,0.0,0.0,0.0,0.0
00:02:24.663,1705373727565,0.0,0.0,0.0,0.0,0.0,0.0,0.0,0,0,0,0,0.0,220.011,131.736,620.221,29.234,27.026,1.0,0.0,0.0,0.0,0.0
00:02:24.679,1705373727581,0.0,0.0,203.705,135.451,766.407,31.603,30.893,0,0,0,0,0.0,219.883,132.032,638.075,29.594,27.466,1.0,0.0,0.0,0.0,0.0
00:02:24.696,1705373727598,0.0,0.0,203.758,134.953,769.896,31.707,30.932,1,0,0,0,0.0,220.156,131.744,617.273,29.473,26.68,1.0,0.0,0.0,0.0,0.0
00:02:24.713,1705373727615,0.0,0.0,203.841,135.157,771.227,31.648,31.043,1,0,0,0,0.0,219.623,132.389,652.933,29.624,28.078,1.0,0.0,0.0,0.0,0.0
00:02:24.729,1705373727631,0.0,0.0,203.683,136.067,765.036,31.794,30.653,1,0,0,0,0.0,219.934,132.443,642.471,29.456,27.785,1.0,0.0,0.0,0.0,0.0
00:02:24.746,1705373727648,0.0,0.0,204.082,139.09,786.696,31.941,31.375,1,0,0,0,0.0,218.645,135.207,662.545,30.171,27.974,1.0,0.0,0.0,0.0,0.0
00:02:24.763,1705373727665,0.0,0.0,203.745,139.405,796.311,32.114,31.588,1,0,0,0,0.0,218.295,135.901,670.98,29.59,28.887,1.0,0.0,0.0,0.0,0.0
00:02:24.779,1705373727681,0.0,0.0,203.67,139.48,795.114,32.288,31.37,1,0,0,0,0.0,218.487,136.35,678.156,29.745,29.043,1.0,0.0,0.0,0.0,0.0
00:02:24.796,1705373727698,0.0,0.0,203.499,139.463,813.826,32.474,31.924,1,0,0,0,0.0,218.639,136.237,676.372,29.729,28.983,1.0,0.0,0.0,0.0,0.0
00:02:24.813,1705373727715,0.0,0.0,203.376,139.493,813.502,32.474,31.912,1,0,0,0,0.0,218.305,136.241,687.273,30.044,29.141,1.0,0.0,0.0,0.0,0.0
00:02:24.829,1705373727731,0.0,0.0,203.26,139.527,816.054,32.545,31.942,1,0,0,0,0.0,218.504,136.209,683.51,29.938,29.084,1.0,0.0,0.0,0.0,0.0
00:02:24.846,1705373727748,0.0,0.0,203.149,139.502,825.819,32.626,32.244,1,0,0,0,0.0,218.307,136.31,695.968,30.235,29.323,1.0,0.0,0.0,0.0,0.0
00:02:24.863,1705373727765,0.0,0.0,202.83,139.258,816.316,32.622,31.877,1,0,0,0,0.0,218.309,136.069,689.529,30.131,29.152,1.0,0.0,0.0,0.0,0.0
00:02:24.879,1705373727781,0.0,0.0,202.607,139.171,822.662,32.712,32.037,1,0,0,0,0.0,218.119,135.987,700.699,30.166,29.59,1.0,0.0,0.0,0.0,0.0
00:02:24.896,1705373727798,0.0,0.0,202.563,139.186,827.513,32.734,32.204,1,0,0,0,0.0,217.977,135.767,701.994,30.367,29.449,1.0,0.0,0.0,0.0,0.0
00:02:24.913,1705373727815,0.0,0.0,202.636,139.272,827.078,32.79,32.132,1,0,0,0,0.0,218.04,135.941,700.961,30.285,29.485,1.0,0.0,0.0,0.0,0.0
00:02:24.929,1705373727831,0.0,0.0,202.646,139.414,827.737,32.705,32.241,1,0,0,0,0.0,217.923,135.903,693.29,30.127,29.315,1.0,0.0,0.0,0.0,0.0
00:02:24.946,1705373727848,0.0,0.0,202.644,139.647,823.244,32.735,32.037,1,0,0,0,0.0,218.088,136.226,699.72,30.329,29.39,1.0,0.0,0.0,0.0,0.0
00:02:24.963,1705373727865,0.0,0.0,202.919,140.019,818.475,32.598,31.985,1,0,0,0,0.0,218.162,136.364,697.456,30.077,29.54,1.0,0.0,0.0,0.0,0.0
00:02:24.979,1705373727881,0.0,0.0,203.089,140.192,807.114,32.625,31.515,1,0,0,0,0.0,218.446,136.874,687.691,29.91,29.289,1.0,0.0,0.0,0.0,0.0
00:02:24.996,1705373727898,0.0,0.0,199.949,139.371,728.907,32.049,28.972,1,0,0,0,0.0,218.225,136.975,689.919,29.985,29.31,1.0,0.0,0.0,0.0,0.0
00:02:25.013,1705373727915,0.0,0.0,194.209,136.166,723.385,31.454,29.297,0,317,1,0,0.0,213.741,135.515,640.892,29.462,27.711,0.0,400.0,1.0,0.0,0.0
00:02:25.029,1705373727931,0.0,0.0,188.607,132.624,739.724,32.313,29.162,0,0,1,0,0.0,205.882,132.067,603.732,28.947,26.569,0.0,0.0,1.0,0.0,0.0
00:02:25.046,1705373727948,0.0,0.0,188.341,133.118,743.488,32.127,29.481,1,0,0,33,6.287,204.273,131.525,625.18,28.905,27.553,1.0,0.0,0.0,33.0,5.277
00:02:25.063,1705373727965,0.0,0.0,188.292,133.643,740.812,31.906,29.578,1,0,0,0,0.0,204.334,131.845,658.811,29.45,28.498,1.0,0.0,0.0,0.0,0.0
00:02:25.079,1705373727981,0.0,0.0,188.133,133.624,737.396,32.308,29.075,1,0,0,0,0.0,204.764,132.57,651.602,29.408,28.226,1.0,0.0,0.0,0.0,0.0
00:02:25.096,1705373727998,0.0,0.0,187.857,133.768,726.554,32.16,28.78,1,0,0,0,0.0,204.684,132.651,657.416,29.427,28.459,1.0,0.0,0.0,0.0,0.0
00:02:25.113,1705373728015,0.0,0.0,187.494,133.838,719.281,32.389,28.29,1,0,0,0,0.0,205.042,133.043,644.999,29.147,28.19,1.0,0.0,0.0,0.0,0.0
00:02:25.129,1705373728031,0.0,0.0,187.767,134.228,745.547,32.117,29.572,1,0,0,0,0.0,204.812,133.3,662.657,29.354,28.758,1.0,0.0,0.0,0.0,0.0
00:02:25.146,1705373728048,0.0,0.0,187.403,134.144,739.209,32.161,29.28,1,0,0,0,0.0,204.675,133.335,656.001,29.324,28.497,1.0,0.0,0.0,0.0,0.0
00:02:25.163,1705373728065,0.0,0.0,187.17,133.909,728.792,31.633,29.349,1,0,0,0,0.0,204.613,133.141,646.733,29.163,28.25,1.0,0.0,0.0,0.0,0.0
00:02:25.179,1705373728081,0.0,0.0,187.003,133.481,729.486,32.055,28.99,1,0,0,0,0.0,204.435,132.708,653.461,29.3,28.411,1.0,0.0,0.0,0.0,0.0
00:02:25.196,1705373728098,0.0,0.0,187.135,133.364,746.845,32.127,29.614,1,0,0,0,0.0,204.21,132.275,648.758,29.187,28.316,1.0,0.0,0.0,0.0,0.0
00:02:25.213,1705373728115,0.0,0.0,186.707,132.806,725.71,31.685,29.177,1,0,0,0,0.0,204.24,131.828,639.453,29.08,28.012,1.0,0.0,0.0,0.0,0.0
00:02:25.229,1705373728131,0.0,0.0,186.568,132.118,705.557,31.754,28.305,1,0,0,0,0.0,204.135,131.458,637.217,29.06,27.933,1.0,0.0,0.0,0.0,0.0
00:02:25.246,1705373728148,0.0,0.0,185.892,132.125,714.83,31.452,28.952,1,0,0,0,0.0,204.1,130.919,635.404,29.128,27.789,1.0,0.0,0.0,0.0,0.0
00:02:25.263,1705373728165,0.0,0.0,183.518,131.194,706.494,31.093,28.945,1,0,0,0,0.0,202.015,130.49,617.557,28.658,27.452,1.0,0.0,0.0,0.0,0.0
00:02:25.279,1705373728181,0.0,0.0,183.178,130.825,705.895,30.911,29.091,1,0,0,0,0.0,200.036,129.614,629.089,28.711,27.912,1.0,0.0,0.0,0.0,0.0
00:02:25.296,1705373728198,0.0,0.0,183.094,130.485,705.826,31.069,28.94,1,0,0,0,0.0,200.171,129.152,628.825,28.609,27.999,1.0,0.0,0.0,0.0,0.0
00:02:25.313,1705373728215,0.0,0.0,183.039,130.153,698.484,30.746,28.94,1,0,0,0,0.0,200.2,128.904,630.686,28.626,28.066,1.0,0.0,0.0,0.0,0.0
00:02:25.329,1705373728231,0.0,0.0,182.822,129.754,700.852,30.994,28.806,1,0,0,0,0.0,200.162,128.683,624.269,28.512,27.892,1.0,0.0,0.0,0.0,0.0
00:02:25.346,1705373728248,0.0,0.0,182.713,129.518,692.808,30.62,28.823,1,0,0,0,0.0,200.016,128.455,620.073,28.446,27.769,1.0,0.0,0.0,0.0,0.0
00:02:25.363,1705373728265,0.0,0.0,182.502,129.264,689.022,30.618,28.667,1,0,0,0,0.0,199.722,128.161,618.596,28.498,27.652,1.0,0.0,0.0,0.0,0.0
00:02:25.379,1705373728281,0.0,0.0,182.386,129.052,684.425,30.445,28.638,1,0,0,0,0.0,199.869,128.035,616.2,28.225,27.811,1.0,0.0,0.0,0.0,0.0
00:02:25.396,1705373728298,0.0,0.0,182.103,128.653,680.046,30.586,28.324,1,0,0,0,0.0,199.724,127.059,587.651,28.633,26.145,1.0,0.0,0.0,0.0,0.0
00:02:25.413,1705373728315,0.0,0.0,181.968,128.51,676.332,30.446,28.299,1,0,0,0,0.0,199.59,127.067,594.04,28.403,26.643,1.0,0.0,0.0,0.0,0.0
00:02:25.429,1705373728331,0.0,0.0,181.926,128.529,679.118,30.39,28.467,1,0,0,0,0.0,199.28,126.961,590.047,28.212,26.643,1.0,0.0,0.0,0.0,0.0
00:02:25.446,1705373728348,0.0,0.0,181.902,128.29,672.258,30.373,28.195,1,0,0,0,0.0,199.337,126.363,565.422,28.209,25.533,1.0,0.0,0.0,0.0,0.0
00:02:25.463,1705373728365,0.0,0.0,181.851,128.269,680.704,30.287,28.631,1,0,0,0,0.0,199.212,126.687,574.255,28.333,25.82,1.0,0.0,0.0,0.0,0.0
00:02:25.479,1705373728381,0.0,0.0,182.027,128.243,671.797,30.254,28.287,1,0,0,0,0.0,199.299,126.678,575.044,28.192,25.984,1.0,0.0,0.0,0.0,0.0
00:02:25.496,1705373728398,0.0,0.0,181.803,128.296,666.848,30.043,28.276,1,0,0,0,0.0,199.308,126.369,571.229,28.145,25.854,1.0,0.0,0.0,0.0,0.0
00:02:25.513,1705373728415,0.0,0.0,181.882,127.962,663.379,29.986,28.182,1,0,0,0,0.0,199.364,126.298,567.594,28.092,25.738,1.0,0.0,0.0,0.0,0.0
00:02:25.529,1705373728431,0.0,0.0,181.907,128.088,661.018,30.034,28.037,1,0,0,0,0.0,199.232,126.112,557.365,27.912,25.438,1.0,0.0,0.0,0.0,0.0
00:02:25.546,1705373728448,0.0,0.0,181.82,128.103,662.198,29.965,28.151,1,0,0,0,0.0,199.466,126.239,557.007,27.858,25.47,1.0,0.0,0.0,0.0,0.0
00:02:25.563,1705373728465,0.0,0.0,181.847,128.118,653.193,29.709,28.008,1,0,0,0,0.0,199.484,126.296,561.585,27.751,25.779,1.0,0.0,0.0,0.0,0.0
00:02:25.579,1705373728481,0.0,0.0,182.567,128.222,638.643,29.585,27.499,1,0,0,0,0.0,199.458,126.336,556.411,27.971,25.341,1.0,0.0,0.0,0.0,0.0
00:02:25.596,1705373728498,0.0,0.0,192.79,129.892,484.014,28.956,21.293,0,550,1,0,0.0,202.247,126.255,479.58,25.874,23.612,1.0,0.0,0.0,0.0,0.0
00:02:25.613,1705373728515,0.0,0.0,207.046,134.288,582.871,29.618,25.07,0,0,1,0,0.0,211.913,129.809,500.517,27.597,23.104,0.0,567.0,1.0,0.0,0.0
00:02:25.629,1705373728531,0.0,0.0,211.168,135.04,672.284,29.67,28.864,1,0,0,33,9.201,220.916,132.044,538.774,26.966,25.452,0.0,0.0,1.0,0.0,0.0
00:02:25.646,1705373728548,0.0,0.0,210.699,135.184,675.207,29.651,29.008,1,0,0,0,0.0,222.735,132.332,560.373,27.565,25.897,1.0,0.0,0.0,33.0,7.79
00:02:25.663,1705373728565,0.0,0.0,210.763,135.153,681.061,29.714,29.198,1,0,0,0,0.0,223.116,132.467,560.596,27.725,25.758,1.0,0.0,0.0,0.0,0.0
00:02:25.679,1705373728581,0.0,0.0,210.763,135.153,681.061,29.714,29.198,1,0,0,0,0.0,223.228,132.56,555.379,27.393,25.827,1.0,0.0,0.0,0.0,0.0
00:02:25.696,1705373728598,0.0,0.0,210.212,134.992,664.006,29.651,28.527,1,0,0,0,0.0,223.41,132.507,559.513,27.491,25.927,1.0,0.0,0.0,0.0,0.0
00:02:25.713,1705373728615,0.0,0.0,210.361,134.95,675.164,29.631,29.027,1,0,0,0,0.0,223.681,132.409,554.804,27.406,25.788,1.0,0.0,0.0,0.0,0.0
00:02:25.729,1705373728631,0.0,0.0,210.361,134.95,675.164,29.631,29.027,1,0,0,0,0.0,223.566,132.262,559.925,27.417,26.016,1.0,0.0,0.0,0.0,0.0
00:02:25.746,1705373728648,0.0,0.0,210.042,134.918,675.69,29.708,28.973,1,0,0,0,0.0,223.746,132.22,561.769,27.585,25.942,1.0,0.0,0.0,0.0,0.0
00:02:25.763,1705373728665,0.0,0.0,209.813,134.691,665.525,29.68,28.564,1,0,0,0,0.0,223.829,132.191,552.502,27.244,25.835,1.0,0.0,0.0,0.0,0.0
00:02:25.779,1705373728681,0.0,0.0,209.813,134.691,665.525,29.68,28.564,1,0,0,0,0.0,224.062,132.095,549.95,27.384,25.584,1.0,0.0,0.0,0.0,0.0
00:02:25.796,1705373728698,0.0,0.0,209.977,134.691,682.168,29.797,29.164,1,0,0,0,0.0,223.846,132.247,564.572,27.653,26.008,1.0,0.0,0.0,0.0,0.0
00:02:25.813,1705373728715,0.0,0.0,210.035,134.834,680.229,29.949,28.933,1,0,0,0,0.0,223.929,132.223,563.716,27.824,25.809,1.0,0.0,0.0,0.0,0.0
00:02:25.829,1705373728731,0.0,0.0,210.035,134.834,680.229,29.949,28.933,1,0,0,0,0.0,224.065,132.113,568.565,27.814,26.04,1.0,0.0,0.0,0.0,0.0
00:02:25.846,1705373728748,0.0,0.0,209.524,134.558,672.336,29.94,28.607,1,0,0,0,0.0,224.228,132.253,561.223,27.387,26.105,1.0,0.0,0.0,0.0,0.0
00:02:25.863,1705373728765,0.0,0.0,209.589,134.363,668.923,29.68,28.711,1,0,0,0,0.0,224.116,132.209,575.68,27.703,26.472,1.0,0.0,0.0,0.0,0.0
00:02:25.879,1705373728781,0.0,0.0,209.589,134.363,668.923,29.68,28.711,1,0,0,0,0.0,224.152,132.105,569.519,27.898,26.006,1.0,0.0,0.0,0.0,0.0
00:02:25.896,1705373728798,0.0,0.0,209.794,134.489,688.959,29.888,29.365,1,0,0,0,0.0,224.163,132.102,567.679,27.769,26.042,1.0,0.0,0.0,0.0,0.0
00:02:25.913,1705373728815,0.0,0.0,209.792,134.542,691.702,29.986,29.385,1,0,0,0,0.0,224.337,132.109,565.724,27.879,25.85,1.0,0.0,0.0,0.0,0.0
00:02:25.929,1705373728831,0.0,0.0,209.792,134.542,691.702,29.986,29.385,1,0,0,0,0.0,224.046,132.139,575.214,27.824,26.335,1.0,0.0,0.0,0.0,0.0
00:02:25.946,1705373728848,0.0,0.0,209.737,134.468,693.544,30.116,29.336,1,0,0,0,0.0,224.219,132.29,565.9,27.616,26.104,1.0,0.0,0.0,0.0,0.0
00:02:25.963,1705373728865,0.0,0.0,207.871,134.482,662.821,30.041,28.107,1,0,0,0,0.0,224.024,132.121,578.986,28.116,26.233,1.0,0.0,0.0,0.0,0.0
00:02:25.979,1705373728881,0.0,0.0,207.871,134.482,662.821,30.041,28.107,1,0,0,0,0.0,220.72,132.095,566.768,28.112,25.683,1.0,0.0,0.0,0.0,0.0
00:02:25.996,1705373728898,0.0,0.0,203.618,133.895,705.694,30.305,29.665,1,0,0,0,0.0,218.303,131.789,590.831,28.119,26.767,1.0,0.0,0.0,0.0,0.0
00:02:26.013,1705373728915,0.0,0.0,203.544,134.048,705.617,30.396,29.572,1,0,0,0,0.0,218.263,131.657,587.119,28.359,26.374,1.0,0.0,0.0,0.0,0.0
00:02:26.029,1705373728931,0.0,0.0,203.544,134.048,705.617,30.396,29.572,1,0,0,0,0.0,218.477,131.799,579.486,28.304,26.081,1.0,0.0,0.0,0.0,0.0
00:02:26.046,1705373728948,0.0,0.0,203.438,134.017,723.317,30.676,30.037,1,0,0,0,0.0,218.696,131.46,578.293,28.55,25.803,1.0,0.0,0.0,0.0,0.0
00:02:26.063,1705373728965,0.0,0.0,203.402,134.127,728.837,30.88,30.066,1,0,0,0,0.0,217.81,132.17,629.024,29.247,27.398,1.0,0.0,0.0,0.0,0.0
00:02:26.079,1705373728981,0.0,0.0,203.402,134.127,728.837,30.88,30.066,1,0,0,0,0.0,218.499,131.736,597.624,28.605,26.615,1.0,0.0,0.0,0.0,0.0
00:02:26.096,1705373728998,0.0,0.0,203.444,134.146,736.041,30.957,30.288,1,0,0,0,0.0,218.653,131.817,598.185,28.462,26.774,1.0,0.0,0.0,0.0,0.0
00:02:26.113,1705373729015,0.0,0.0,203.308,134.136,727.425,30.705,30.18,1,0,0,0,0.0,218.866,131.711,595.959,28.694,26.458,1.0,0.0,0.0,0.0,0.0
00:02:26.129,1705373729031,0.0,0.0,203.308,134.136,727.425,30.705,30.18,1,0,0,0,0.0,218.648,131.942,610.057,28.816,26.969,1.0,0.0,0.0,0.0,0.0
00:02:26.146,1705373729048,0.0,0.0,203.333,134.14,737.129,31.056,30.237,1,0,0,0,0.0,218.798,131.596,597.9,28.736,26.506,1.0,0.0,0.0,0.0,0.0
00:02:26.163,1705373729065,0.0,0.0,203.424,134.083,744.646,31.151,30.451,1,0,0,0,0.0,218.916,131.622,605.082,28.944,26.631,1.0,0.0,0.0,0.0,0.0
00:02:26.179,1705373729081,0.0,0.0,203.424,134.083,744.646,31.151,30.451,1,0,0,0,0.0,218.829,131.615,609.465,28.899,26.866,1.0,0.0,0.0,0.0,0.0
00:02:26.196,1705373729098,0.0,0.0,203.358,134.132,740.379,31.129,30.298,1,0,0,0,0.0,218.739,131.652,608.867,29.295,26.477,1.0,0.0,0.0,0.0,0.0
00:02:26.213,1705373729115,0.0,0.0,202.236,133.946,723.701,31.057,29.684,1,0,0,0,0.0,219.174,131.497,606.454,28.482,27.124,1.0,0.0,0.0,0.0,0.0
00:02:26.229,1705373729131,0.0,0.0,202.236,133.946,723.701,31.057,29.684,1,0,0,0,0.0,219.102,130.272,590.892,29.313,25.679,1.0,0.0,0.0,0.0,0.0
00:02:26.246,1705373729148,0.0,0.0,203.108,141.326,65.454,9.349,8.919,0,617,1,0,0.0,216.848,141.228,62.693,11.558,6.91,0.0,600.0,1.0,0.0,0.0
00:02:26.263,1705373729165,0.0,0.0,0.0,0.0,0.0,0.0,0.0,0,0,0,0,0.0,0.0,0.0,0.0,0.0,0.0,0.0,0.0,0.0,17.0,4.155
00:02:26.279,1705373729181,0.0,0.0,0.0,0.0,0.0,0.0,0.0,0,0,0,0,0.0,0.0,0.0,0.0,0.0,0.0,0.0,0.0,0.0,0.0,0.0
00:02:26.296,1705373729198,0.0,0.0,0.0,0.0,0.0,0.0,0.0,0,0,0,0,0.0,0.0,0.0,0.0,0.0,0.0,0.0,0.0,0.0,0.0,0.0
00:02:26.313,1705373729215,0.0,0.0,0.0,0.0,0.0,0.0,0.0,0,0,0,0,0.0,0.0,0.0,0.0,0.0,0.0,0.0,0.0,0.0,0.0,0.0
00:02:26.329,1705373729231,0.0,0.0,0.0,0.0,0.0,0.0,0.0,0,0,0,0,0.0,105.301,155.23,172.63,17.765,12.379,0.0,0.0,0.0,0.0,0.0
00:02:26.346,1705373729248,0.0,0.0,0.0,0.0,0.0,0.0,0.0,0,0,0,0,0.0,105.301,155.23,172.63,17.765,12.379,0.0,0.0,0.0,0.0,0.0
00:02:26.363,1705373729265,0.0,0.0,0.0,0.0,0.0,0.0,0.0,0,0,0,0,0.0,103.388,155.794,93.36,11.875,10.016,1.0,0.0,0.0,0.0,0.0
00:02:26.379,1705373729281,0.0,0.0,0.0,0.0,0.0,0.0,0.0,0,0,0,0,0.0,104.542,155.707,99.822,13.473,9.438,1.0,0.0,0.0,0.0,0.0
00:02:26.396,1705373729298,0.0,0.0,0.0,0.0,0.0,0.0,0.0,0,0,0,0,0.0,104.542,155.707,99.822,13.473,9.438,1.0,0.0,0.0,0.0,0.0
00:02:26.413,1705373729315,0.0,0.0,0.0,0.0,0.0,0.0,0.0,0,0,0,0,0.0,220.762,131.49,629.403,29.349,27.319,0.0,50.0,1.0,0.0,0.0
00:02:26.429,1705373729331,0.0,0.0,0.0,0.0,0.0,0.0,0.0,0,0,0,0,0.0,220.787,132.166,637.669,29.735,27.319,1.0,0.0,0.0,0.0,0.0
00:02:26.446,1705373729348,0.0,0.0,0.0,0.0,0.0,0.0,0.0,0,0,0,0,0.0,220.787,132.166,637.669,29.735,27.319,1.0,0.0,0.0,33.0,47.81
00:02:26.463,1705373729365,0.0,0.0,0.0,0.0,0.0,0.0,0.0,0,0,0,0,0.0,221.384,133.004,643.17,29.864,27.435,1.0,0.0,0.0,0.0,0.0
00:02:26.479,1705373729381,0.0,0.0,0.0,0.0,0.0,0.0,0.0,0,0,0,0,0.0,221.274,133.559,656.018,29.838,28.008,1.0,0.0,0.0,0.0,0.0
00:02:26.496,1705373729398,0.0,0.0,0.0,0.0,0.0,0.0,0.0,0,0,0,0,0.0,221.274,133.559,656.018,29.838,28.008,1.0,0.0,0.0,0.0,0.0
00:02:26.513,1705373729415,0.0,0.0,0.0,0.0,0.0,0.0,0.0,0,0,0,0,0.0,221.434,133.773,654.696,29.861,27.929,1.0,0.0,0.0,0.0,0.0
00:02:26.529,1705373729431,0.0,0.0,0.0,0.0,0.0,0.0,0.0,0,0,0,0,0.0,220.706,134.314,653.037,30.174,27.57,1.0,0.0,0.0,0.0,0.0
00:02:26.546,1705373729448,0.0,0.0,0.0,0.0,0.0,0.0,0.0,0,0,0,0,0.0,220.706,134.314,653.037,30.174,27.57,1.0,0.0,0.0,0.0,0.0
00:02:26.563,1705373729465,0.0,0.0,205.316,139.654,792.17,31.826,31.707,0,0,1,0,0.0,219.545,136.127,679.073,29.751,29.076,1.0,0.0,0.0,0.0,0.0
00:02:26.579,1705373729481,0.0,0.0,205.054,139.142,810.45,32.363,31.901,1,0,1,0,0.0,219.6,135.671,684.104,30.014,29.036,1.0,0.0,0.0,0.0,0.0
00:02:26.596,1705373729498,0.0,0.0,204.768,139.015,799.868,32.262,31.583,1,0,1,0,0.0,219.6,135.671,684.104,30.014,29.036,1.0,0.0,0.0,0.0,0.0
00:02:26.613,1705373729515,0.0,0.0,204.598,139.099,804.537,32.474,31.56,1,0,1,0,0.0,219.408,135.428,688.25,30.06,29.167,1.0,0.0,0.0,0.0,0.0
00:02:26.629,1705373729531,0.0,0.0,204.479,139.397,815.563,32.532,31.936,1,0,1,0,0.0,219.357,135.605,692.121,30.117,29.275,1.0,0.0,0.0,0.0,0.0
00:02:26.646,1705373729548,0.0,0.0,204.426,139.469,818.927,32.593,32.007,1,0,1,0,0.0,219.357,135.605,692.121,30.117,29.275,1.0,0.0,0.0,0.0,0.0
00:02:26.663,1705373729565,0.0,0.0,204.477,139.631,821.913,32.691,32.028,1,0,1,0,0.0,219.734,135.594,691.272,30.291,29.072,1.0,0.0,0.0,0.0,0.0
00:02:26.679,1705373729581,0.0,0.0,204.284,139.583,831.375,32.848,32.242,1,0,1,0,0.0,219.521,135.844,706.955,30.363,29.66,1.0,0.0,0.0,0.0,0.0
00:02:26.696,1705373729598,0.0,0.0,204.44,139.752,844.576,33.007,32.596,1,0,1,0,0.0,219.521,135.844,706.955,30.363,29.66,1.0,0.0,0.0,0.0,0.0
00:02:26.713,1705373729615,0.0,0.0,204.577,139.866,843.961,33.126,32.455,1,0,1,0,0.0,219.678,135.868,704.805,30.596,29.345,1.0,0.0,0.0,0.0,0.0
00:02:26.729,1705373729631,0.0,0.0,204.419,139.592,841.962,33.017,32.485,1,0,1,0,0.0,219.546,135.659,711.638,30.429,29.792,1.0,0.0,0.0,0.0,0.0
00:02:26.746,1705373729648,0.0,0.0,204.317,139.21,854.432,33.21,32.775,1,0,1,0,0.0,219.546,135.659,711.638,30.429,29.792,1.0,0.0,0.0,0.0,0.0
00:02:26.763,1705373729665,0.0,0.0,204.547,139.331,850.446,33.154,32.677,1,0,1,0,0.0,219.557,135.748,718.829,30.64,29.886,1.0,0.0,0.0,0.0,0.0
00:02:26.779,1705373729681,0.0,0.0,204.904,139.287,850.789,33.241,32.605,1,0,1,0,0.0,220.027,136.254,713.117,30.55,29.735,1.0,0.0,0.0,0.0,0.0
00:02:26.796,1705373729698,0.0,0.0,205.111,139.507,852.97,33.172,32.756,1,0,1,0,0.0,220.027,136.254,713.117,30.55,29.735,1.0,0.0,0.0,0.0,0.0
00:02:26.813,1705373729715,0.0,0.0,205.441,139.796,846.783,33.148,32.542,1,0,1,0,0.0,220.247,136.566,714.677,30.601,29.751,1.0,0.0,0.0,0.0,0.0
00:02:26.829,1705373729731,0.0,0.0,206.14,140.177,849.094,33.15,32.629,1,0,1,0,0.0,220.86,137.513,710.556,30.68,29.503,1.0,0.0,0.0,0.0,0.0
00:02:26.846,1705373729748,0.0,0.0,206.457,140.46,848.235,33.069,32.676,1,0,1,0,0.0,220.86,137.513,710.556,30.68,29.503,1.0,0.0,0.0,0.0,0.0
00:02:26.863,1705373729765,0.0,0.0,206.618,140.819,837.151,32.853,32.461,1,0,1,0,0.0,221.038,138.024,703.836,30.478,29.418,1.0,0.0,0.0,0.0,0.0
00:02:26.879,1705373729781,0.0,0.0,207.02,141.188,831.097,32.74,32.337,1,0,1,0,0.0,221.655,138.73,698.873,30.527,29.164,1.0,0.0,0.0,0.0,0.0
00:02:26.896,1705373729798,0.0,0.0,207.32,141.454,837.737,32.819,32.517,1,0,1,0,0.0,221.655,138.73,698.873,30.527,29.164,1.0,0.0,0.0,0.0,0.0
00:02:26.913,1705373729815,0.0,0.0,207.536,141.576,840.622,32.885,32.564,1,0,1,0,0.0,221.805,138.837,705.148,30.563,29.391,1.0,0.0,0.0,0.0,0.0
00:02:26.929,1705373729831,0.0,0.0,207.751,141.737,829.816,32.763,32.265,1,0,1,0,0.0,222.072,139.095,695.948,30.252,29.306,1.0,0.0,0.0,0.0,0.0
00:02:26.946,1705373729848,0.0,0.0,207.779,141.76,837.307,32.787,32.532,1,0,1,0,0.0,221.96,139.061,702.068,30.582,29.244,1.0,0.0,0.0,0.0,0.0
00:02:26.963,1705373729865,0.0,0.0,207.782,141.863,831.493,32.689,32.403,1,0,1,0,0.0,222.129,138.991,696.779,30.299,29.296,1.0,0.0,0.0,0.0,0.0
00:02:26.979,1705373729881,0.0,0.0,207.815,142.026,836.855,32.835,32.467,1,0,1,0,0.0,221.881,139.008,699.616,30.281,29.432,1.0,0.0,0.0,0.0,0.0
00:02:26.996,1705373729898,0.0,0.0,208.706,146.45,767.636,32.37,30.21,0,417,1,0,0.0,221.869,139.583,697.093,30.458,29.155,1.0,0.0,0.0,0.0,0.0
00:02:27.013,1705373729915,0.0,0.0,212.02,156.639,771.427,32.731,30.024,0,0,1,0,0.0,220.114,146.26,631.253,30.243,26.59,0.0,583.0,1.0,0.0,0.0
00:02:27.029,1705373729931,0.0,0.0,213.653,165.408,780.943,32.672,30.449,0,0,1,0,0.0,215.769,162.714,619.178,29.695,26.562,0.0,0.0,1.0,0.0,0.0
00:02:27.046,1705373729948,0.0,0.0,213.87,170.999,749.443,33.322,28.651,0,0,1,0,0.0,215.769,162.714,619.178,29.695,26.562,0.0,0.0,1.0,0.0,0.0
00:02:27.063,1705373729965,0.0,0.0,213.437,172.237,746.861,33.34,28.537,1,0,0,817,12.752,214.555,166.927,636.432,29.548,27.438,0.0,0.0,1.0,0.0,0.0
00:02:27.079,1705373729981,0.0,0.0,212.926,172.005,757.418,33.434,28.859,1,0,0,0,0.0,214.923,167.201,627.112,29.68,26.916,1.0,0.0,0.0,67.0,12.532
00:02:27.096,1705373729998,0.0,0.0,212.245,171.435,798.137,33.219,30.607,1,0,0,0,0.0,215.105,166.877,636.777,29.885,27.143,1.0,0.0,0.0,0.0,0.0
00:02:27.113,1705373730015,0.0,0.0,212.165,171.811,774.455,33.071,29.832,1,0,0,0,0.0,215.103,166.602,649.389,30.34,27.266,1.0,0.0,0.0,0.0,0.0
00:02:27.129,1705373730031,0.0,0.0,211.828,171.545,787.385,33.035,30.363,1,0,0,0,0.0,215.31,166.764,636.27,29.892,27.116,1.0,0.0,0.0,0.0,0.0
00:02:27.146,1705373730048,0.0,0.0,211.558,171.323,806.37,33.172,30.966,1,0,0,0,0.0,215.304,166.656,631.278,29.687,27.089,1.0,0.0,0.0,0.0,0.0
00:02:27.163,1705373730065,0.0,0.0,211.729,172.268,733.064,32.59,28.654,1,0,0,0,0.0,215.379,166.511,640.536,29.748,27.429,1.0,0.0,0.0,0.0,0.0
00:02:27.179,1705373730081,0.0,0.0,211.055,172.203,765.734,33.773,28.882,1,0,0,0,0.0,215.382,166.236,649.13,30.09,27.481,1.0,0.0,0.0,0.0,0.0
00:02:27.196,1705373730098,0.0,0.0,211.57,172.123,756.867,33.278,28.973,1,0,0,0,0.0,215.431,166.683,625.908,29.804,26.752,1.0,0.0,0.0,0.0,0.0
00:02:27.213,1705373730115,0.0,0.0,211.025,171.751,785.646,32.699,30.608,1,0,0,0,0.0,215.575,166.76,619.694,29.772,26.515,1.0,0.0,0.0,0.0,0.0
00:02:27.229,1705373730131,0.0,0.0,211.053,171.647,782.13,32.556,30.604,1,0,0,0,0.0,215.326,165.899,659.526,30.414,27.624,1.0,0.0,0.0,0.0,0.0
00:02:27.246,1705373730148,0.0,0.0,210.71,171.511,779.023,32.669,30.377,1,0,0,0,0.0,215.663,165.703,659.424,30.575,27.474,1.0,0.0,0.0,0.0,0.0
00:02:27.263,1705373730165,0.0,0.0,211.413,170.87,753.748,32.243,29.78,1,0,0,0,0.0,215.214,165.776,653.013,30.085,27.651,1.0,0.0,0.0,0.0,0.0
00:02:27.279,1705373730181,0.0,0.0,210.568,171.33,776.962,32.819,30.158,1,0,0,0,0.0,215.65,166.114,632.705,29.875,26.978,1.0,0.0,0.0,0.0,0.0
00:02:27.296,1705373730198,0.0,0.0,210.184,172.621,712.403,32.209,28.176,1,0,0,0,0.0,215.315,166.063,642.58,30.445,26.887,1.0,0.0,0.0,0.0,0.0
00:02:27.313,1705373730215,0.0,0.0,209.659,172.026,759.848,33.265,29.099,1,0,0,0,0.0,215.498,166.159,628.6,29.739,26.926,1.0,0.0,0.0,0.0,0.0
00:02:27.329,1705373730231,0.0,0.0,209.243,171.994,759.297,33.047,29.269,1,0,0,0,0.0,215.321,166.28,628.714,29.915,26.773,1.0,0.0,0.0,0.0,0.0
00:02:27.346,1705373730248,0.0,0.0,209.446,172.298,714.668,33.262,27.37,1,0,0,0,0.0,215.176,166.307,616.85,30.26,25.969,1.0,0.0,0.0,0.0,0.0
00:02:27.363,1705373730265,0.0,0.0,209.077,171.045,441.823,32.0,17.588,1,0,0,0,0.0,215.215,164.893,606.093,30.109,25.644,1.0,0.0,0.0,0.0,0.0
00:02:27.379,1705373730281,0.0,0.0,0.0,0.0,0.0,0.0,0.0,0,316,0,0,0.0,215.321,161.654,337.542,27.986,15.365,1.0,0.0,0.0,0.0,0.0
00:02:27.396,1705373730298,0.0,0.0,0.0,0.0,0.0,0.0,0.0,0,0,0,0,0.0,0.0,0.0,0.0,0.0,0.0,0.0,316.0,0.0,0.0,0.0
00:02:27.413,1705373730315,0.0,0.0,0.0,0.0,0.0,0.0,0.0,0,0,0,0,0.0,0.0,0.0,0.0,0.0,0.0,0.0,0.0,0.0,0.0,0.0
00:02:27.429,1705373730331,0.0,0.0,0.0,0.0,0.0,0.0,0.0,0,0,0,0,0.0,0.0,0.0,0.0,0.0,0.0,0.0,0.0,0.0,0.0,0.0
00:02:27.446,1705373730348,0.0,0.0,0.0,0.0,0.0,0.0,0.0,0,0,0,0,0.0,0.0,0.0,0.0,0.0,0.0,0.0,0.0,0.0,0.0,0.0
00:02:27.463,1705373730365,0.0,0.0,0.0,0.0,0.0,0.0,0.0,0,0,0,0,0.0,0.0,0.0,0.0,0.0,0.0,0.0,0.0,0.0,0.0,0.0
00:02:27.479,1705373730381,0.0,0.0,0.0,0.0,0.0,0.0,0.0,0,0,0,0,0.0,0.0,0.0,0.0,0.0,0.0,0.0,0.0,0.0,0.0,0.0
00:02:27.496,1705373730398,0.0,0.0,0.0,0.0,0.0,0.0,0.0,0,0,0,0,0.0,0.0,0.0,0.0,0.0,0.0,0.0,0.0,0.0,0.0,0.0
00:02:27.513,1705373730415,0.0,0.0,0.0,0.0,0.0,0.0,0.0,0,0,0,0,0.0,0.0,0.0,0.0,0.0,0.0,0.0,0.0,0.0,0.0,0.0
00:02:27.529,1705373730431,0.0,0.0,0.0,0.0,0.0,0.0,0.0,0,0,0,0,0.0,0.0,0.0,0.0,0.0,0.0,0.0,0.0,0.0,0.0,0.0
00:02:27.546,1705373730448,0.0,0.0,0.0,0.0,0.0,0.0,0.0,0,0,0,0,0.0,0.0,0.0,0.0,0.0,0.0,0.0,0.0,0.0,0.0,0.0
00:02:27.563,1705373730465,0.0,0.0,0.0,0.0,0.0,0.0,0.0,0,0,0,0,0.0,0.0,0.0,0.0,0.0,0.0,0.0,0.0,0.0,0.0,0.0
00:02:27.579,1705373730481,0.0,0.0,0.0,0.0,0.0,0.0,0.0,0,0,0,0,0.0,0.0,0.0,0.0,0.0,0.0,0.0,0.0,0.0,0.0,0.0
00:02:27.596,1705373730498,0.0,0.0,0.0,0.0,0.0,0.0,0.0,0,0,0,0,0.0,0.0,0.0,0.0,0.0,0.0,0.0,0.0,0.0,0.0,0.0
00:02:27.613,1705373730515,0.0,0.0,0.0,0.0,0.0,0.0,0.0,0,0,0,0,0.0,0.0,0.0,0.0,0.0,0.0,0.0,0.0,0.0,0.0,0.0
00:02:27.629,1705373730531,0.0,0.0,0.0,0.0,0.0,0.0,0.0,0,0,0,0,0.0,0.0,0.0,0.0,0.0,0.0,0.0,0.0,0.0,0.0,0.0
00:02:27.646,1705373730548,0.0,0.0,0.0,0.0,0.0,0.0,0.0,0,0,0,0,0.0,0.0,0.0,0.0,0.0,0.0,0.0,0.0,0.0,0.0,0.0
00:02:27.663,1705373730565,0.0,0.0,0.0,0.0,0.0,0.0,0.0,0,0,0,0,0.0,0.0,0.0,0.0,0.0,0.0,0.0,0.0,0.0,0.0,0.0
00:02:27.679,1705373730581,0.0,0.0,0.0,0.0,0.0,0.0,0.0,0,0,0,0,0.0,0.0,0.0,0.0,0.0,0.0,0.0,0.0,0.0,0.0,0.0
00:02:27.696,1705373730598,0.0,0.0,0.0,0.0,0.0,0.0,0.0,0,0,0,0,0.0,223.689,138.772,750.81,32.224,29.681,0.0,0.0,0.0,0.0,0.0
00:02:27.713,1705373730615,0.0,0.0,208.822,142.334,982.156,35.654,35.091,0,0,0,0,0.0,223.075,138.268,796.878,32.403,31.328,1.0,0.0,0.0,0.0,0.0
00:02:27.729,1705373730631,0.0,0.0,208.953,142.365,991.639,35.9,35.188,1,0,0,0,0.0,223.095,138.612,807.012,32.513,31.619,1.0,0.0,0.0,0.0,0.0
00:02:27.746,1705373730648,0.0,0.0,208.608,141.878,994.693,35.841,35.354,1,0,0,0,0.0,223.172,138.173,796.535,32.662,31.066,1.0,0.0,0.0,0.0,0.0
00:02:27.763,1705373730665,0.0,0.0,208.243,141.385,987.059,35.722,35.2,1,0,0,0,0.0,222.699,137.745,807.914,32.787,31.39,1.0,0.0,0.0,0.0,0.0
00:02:27.779,1705373730681,0.0,0.0,208.411,141.559,1001.643,35.995,35.449,1,0,0,0,0.0,222.876,137.334,804.5,32.928,31.124,1.0,0.0,0.0,0.0,0.0
00:02:27.796,1705373730698,0.0,0.0,208.507,141.579,999.118,35.814,35.538,1,0,0,0,0.0,222.778,137.647,812.245,32.755,31.59,1.0,0.0,0.0,0.0,0.0
00:02:27.813,1705373730715,0.0,0.0,210.299,140.476,976.938,35.843,34.721,1,0,0,0,0.0,223.04,137.667,816.737,32.86,31.663,1.0,0.0,0.0,0.0,0.0
00:02:27.829,1705373730731,0.0,0.0,211.881,139.525,977.197,35.606,34.962,1,0,0,0,0.0,225.612,136.162,766.198,32.804,29.754,1.0,0.0,0.0,0.0,0.0
00:02:27.846,1705373730748,0.0,0.0,211.977,139.508,967.444,35.471,34.744,1,0,0,0,0.0,225.714,135.931,775.782,32.683,30.237,1.0,0.0,0.0,0.0,0.0
00:02:27.863,1705373730765,0.0,0.0,212.023,139.671,965.529,35.299,34.845,1,0,0,0,0.0,225.649,136.188,785.999,32.581,30.732,1.0,0.0,0.0,0.0,0.0
00:02:27.879,1705373730781,0.0,0.0,212.066,139.641,943.594,34.922,34.421,1,0,0,0,0.0,225.922,135.989,769.186,32.574,30.081,1.0,0.0,0.0,0.0,0.0
00:02:27.896,1705373730798,0.0,0.0,212.009,139.541,933.183,34.762,34.197,1,0,0,0,0.0,225.964,135.924,751.627,32.061,29.864,1.0,0.0,0.0,0.0,0.0
00:02:27.913,1705373730815,0.0,0.0,211.936,139.394,918.044,34.494,33.904,1,0,0,0,0.0,225.722,135.678,747.182,31.852,29.883,1.0,0.0,0.0,0.0,0.0
00:02:27.929,1705373730831,0.0,0.0,211.889,139.159,898.432,34.193,33.472,1,0,0,0,0.0,225.844,135.543,732.858,31.713,29.438,1.0,0.0,0.0,0.0,0.0
00:02:27.946,1705373730848,0.0,0.0,211.868,139.051,892.248,34.037,33.394,1,0,0,0,0.0,225.654,135.395,728.661,31.334,29.624,1.0,0.0,0.0,0.0,0.0
00:02:27.963,1705373730865,0.0,0.0,211.935,139.058,875.956,33.843,32.972,1,0,0,0,0.0,225.902,135.347,706.62,31.048,28.992,1.0,0.0,0.0,0.0,0.0
00:02:27.979,1705373730881,0.0,0.0,211.962,139.054,860.85,33.483,32.751,1,0,0,0,0.0,225.972,135.264,691.158,30.78,28.604,1.0,0.0,0.0,0.0,0.0
00:02:27.996,1705373730898,0.0,0.0,212.076,139.184,853.949,33.409,32.561,1,0,0,0,0.0,225.817,135.462,687.478,30.423,28.786,1.0,0.0,0.0,0.0,0.0
00:02:28.013,1705373730915,0.0,0.0,212.131,139.176,842.664,33.134,32.397,1,0,0,0,0.0,226.118,135.562,676.981,30.416,28.353,1.0,0.0,0.0,0.0,0.0
00:02:28.029,1705373730931,0.0,0.0,212.086,139.255,834.199,33.021,32.182,1,0,0,0,0.0,226.055,135.585,673.452,30.288,28.325,1.0,0.0,0.0,0.0,0.0
00:02:28.046,1705373730948,0.0,0.0,212.088,139.208,821.488,32.838,31.868,1,0,0,0,0.0,226.025,135.491,658.819,30.164,27.823,1.0,0.0,0.0,0.0,0.0
00:02:28.063,1705373730965,0.0,0.0,212.12,139.1,810.82,32.6,31.684,1,0,0,0,0.0,226.008,135.481,654.327,29.712,28.054,1.0,0.0,0.0,0.0,0.0
00:02:28.079,1705373730981,0.0,0.0,212.0,138.946,817.036,32.576,31.95,1,0,0,0,0.0,226.043,135.252,658.43,29.988,27.97,1.0,0.0,0.0,0.0,0.0
00:02:28.096,1705373730998,0.0,0.0,211.789,139.162,771.678,32.311,30.424,1,0,0,0,0.0,226.135,135.042,656.502,29.968,27.907,1.0,0.0,0.0,0.0,0.0
00:02:28.113,1705373731015,0.0,0.0,0.0,0.0,0.0,0.0,0.0,0,384,0,0,0.0,226.342,134.648,613.538,29.31,26.666,1.0,0.0,0.0,0.0,0.0
00:02:28.129,1705373731031,0.0,0.0,0.0,0.0,0.0,0.0,0.0,0,0,0,0,0.0,0.0,0.0,0.0,0.0,0.0,0.0,417.0,0.0,0.0,0.0
00:02:28.146,1705373731048,0.0,0.0,0.0,0.0,0.0,0.0,0.0,0,0,0,0,0.0,0.0,0.0,0.0,0.0,0.0,0.0,0.0,0.0,0.0,0.0
00:02:28.163,1705373731065,0.0,0.0,0.0,0.0,0.0,0.0,0.0,0,0,0,0,0.0,0.0,0.0,0.0,0.0,0.0,0.0,0.0,0.0,0.0,0.0
00:02:28.179,1705373731081,0.0,0.0,0.0,0.0,0.0,0.0,0.0,0,0,0,0,0.0,0.0,0.0,0.0,0.0,0.0,0.0,0.0,0.0,0.0,0.0
00:02:28.196,1705373731098,0.0,0.0,0.0,0.0,0.0,0.0,0.0,0,0,0,0,0.0,0.0,0.0,0.0,0.0,0.0,0.0,0.0,0.0,0.0,0.0
00:02:28.213,1705373731115,0.0,0.0,0.0,0.0,0.0,0.0,0.0,0,0,0,0,0.0,0.0,0.0,0.0,0.0,0.0,0.0,0.0,0.0,0.0,0.0
00:02:28.229,1705373731131,0.0,0.0,0.0,0.0,0.0,0.0,0.0,0,0,0,0,0.0,0.0,0.0,0.0,0.0,0.0,0.0,0.0,0.0,0.0,0.0
00:02:28.246,1705373731148,0.0,0.0,0.0,0.0,0.0,0.0,0.0,0,0,0,0,0.0,0.0,0.0,0.0,0.0,0.0,0.0,0.0,0.0,0.0,0.0
00:02:28.263,1705373731165,0.0,0.0,0.0,0.0,0.0,0.0,0.0,0,0,0,0,0.0,0.0,0.0,0.0,0.0,0.0,0.0,0.0,0.0,0.0,0.0
00:02:28.279,1705373731181,0.0,0.0,0.0,0.0,0.0,0.0,0.0,0,0,0,0,0.0,0.0,0.0,0.0,0.0,0.0,0.0,0.0,0.0,0.0,0.0
00:02:28.296,1705373731198,0.0,0.0,0.0,0.0,0.0,0.0,0.0,0,0,0,0,0.0,0.0,0.0,0.0,0.0,0.0,0.0,0.0,0.0,0.0,0.0
00:02:28.313,1705373731215,0.0,0.0,0.0,0.0,0.0,0.0,0.0,0,0,0,0,0.0,0.0,0.0,0.0,0.0,0.0,0.0,0.0,0.0,0.0,0.0
00:02:28.329,1705373731231,0.0,0.0,0.0,0.0,0.0,0.0,0.0,0,0,0,0,0.0,0.0,0.0,0.0,0.0,0.0,0.0,0.0,0.0,0.0,0.0
00:02:28.346,1705373731248,0.0,0.0,0.0,0.0,0.0,0.0,0.0,0,0,0,0,0.0,0.0,0.0,0.0,0.0,0.0,0.0,0.0,0.0,0.0,0.0
00:02:28.363,1705373731265,0.0,0.0,0.0,0.0,0.0,0.0,0.0,0,0,0,0,0.0,0.0,0.0,0.0,0.0,0.0,0.0,0.0,0.0,0.0,0.0
00:02:28.379,1705373731281,0.0,0.0,0.0,0.0,0.0,0.0,0.0,0,0,0,0,0.0,0.0,0.0,0.0,0.0,0.0,0.0,0.0,0.0,0.0,0.0
00:02:28.396,1705373731298,0.0,0.0,0.0,0.0,0.0,0.0,0.0,0,0,0,0,0.0,0.0,0.0,0.0,0.0,0.0,0.0,0.0,0.0,0.0,0.0
00:02:28.413,1705373731315,218.007,138.477,209.791,139.759,775.869,32.745,30.184,0,0,0,0,0.0,0.0,0.0,0.0,0.0,0.0,0.0,0.0,0.0,0.0,0.0
00:02:28.429,1705373731331,218.013,138.099,209.908,139.574,818.572,32.658,31.929,1,0,0,0,0.0,226.223,137.195,674.823,30.087,28.572,0.0,0.0,0.0,0.0,0.0
00:02:28.446,1705373731348,218.045,138.378,209.975,139.998,803.411,32.524,31.468,1,0,0,0,0.0,226.118,136.623,674.809,30.252,28.415,1.0,0.0,0.0,0.0,0.0
00:02:28.463,1705373731365,218.001,138.34,209.963,140.015,819.292,32.618,31.997,1,0,0,0,0.0,226.114,136.759,678.298,30.35,28.47,1.0,0.0,0.0,0.0,0.0
00:02:28.479,1705373731381,217.958,138.405,209.939,140.085,822.355,32.651,32.084,1,0,0,0,0.0,226.039,136.664,682.953,30.488,28.536,1.0,0.0,0.0,0.0,0.0
00:02:28.496,1705373731398,217.679,138.46,209.728,140.096,821.872,32.734,31.984,1,0,0,0,0.0,225.977,136.724,684.01,30.537,28.535,1.0,0.0,0.0,0.0,0.0
00:02:28.513,1705373731415,217.895,138.513,209.935,140.215,834.938,32.922,32.307,1,0,0,0,0.0,225.63,136.824,711.577,30.534,29.687,1.0,0.0,0.0,0.0,0.0
00:02:28.529,1705373731431,217.795,138.581,209.787,140.361,842.935,33.1,32.441,1,0,0,0,0.0,225.855,136.81,695.35,30.578,28.968,1.0,0.0,0.0,0.0,0.0
00:02:28.546,1705373731448,218.43,138.549,210.207,140.291,847.244,33.371,32.343,1,0,0,0,0.0,225.804,136.802,699.248,30.862,28.862,1.0,0.0,0.0,0.0,0.0
00:02:28.563,1705373731465,220.471,138.414,212.841,140.272,848.442,33.171,32.583,1,0,0,0,0.0,226.653,136.807,696.009,30.678,28.901,1.0,0.0,0.0,0.0,0.0
00:02:28.579,1705373731481,220.641,138.229,213.16,139.863,859.92,33.392,32.806,1,0,0,0,0.0,228.102,136.556,698.765,30.625,29.066,1.0,0.0,0.0,0.0,0.0
00:02:28.596,1705373731498,220.539,138.325,213.154,139.937,858.589,33.379,32.768,1,0,0,0,0.0,228.123,136.595,715.38,31.046,29.354,1.0,0.0,0.0,0.0,0.0
00:02:28.613,1705373731515,220.571,138.271,213.094,139.985,868.492,33.52,33.006,1,0,0,0,0.0,227.924,136.713,720.459,31.121,29.49,1.0,0.0,0.0,0.0,0.0
00:02:28.629,1705373731531,220.606,138.209,213.117,139.986,877.462,33.705,33.164,1,0,0,0,0.0,228.048,136.558,727.49,31.251,29.655,1.0,0.0,0.0,0.0,0.0
00:02:28.646,1705373731548,220.379,138.122,212.778,139.769,882.357,33.894,33.163,1,0,0,0,0.0,228.096,136.432,725.223,31.309,29.508,1.0,0.0,0.0,0.0,0.0
00:02:28.663,1705373731565,220.382,138.229,212.758,139.859,888.275,33.942,33.338,1,0,0,0,0.0,227.981,136.475,731.99,31.445,29.654,1.0,0.0,0.0,0.0,0.0
00:02:28.679,1705373731581,220.298,138.158,212.693,139.781,891.589,34.042,33.364,1,0,0,0,0.0,228.006,136.599,743.931,31.648,29.945,1.0,0.0,0.0,0.0,0.0
00:02:28.696,1705373731598,220.209,138.108,212.636,139.779,889.488,33.986,33.34,1,0,0,0,0.0,227.903,136.536,739.379,31.765,29.651,1.0,0.0,0.0,0.0,0.0
00:02:28.713,1705373731615,220.237,138.171,212.579,139.729,894.919,34.083,33.449,1,0,0,0,0.0,227.782,136.438,750.073,31.835,30.015,1.0,0.0,0.0,0.0,0.0
00:02:28.729,1705373731631,220.238,138.266,212.718,139.876,889.774,34.047,33.292,1,0,0,0,0.0,227.894,136.613,734.576,31.477,29.729,1.0,0.0,0.0,0.0,0.0
00:02:28.746,1705373731648,220.226,138.18,212.546,139.769,888.005,33.97,33.301,1,0,0,0,0.0,227.759,136.657,743.004,31.571,29.98,1.0,0.0,0.0,0.0,0.0
00:02:28.763,1705373731665,220.193,138.269,212.549,139.888,881.022,33.759,33.245,1,0,0,0,0.0,227.907,136.591,724.454,31.262,29.521,1.0,0.0,0.0,0.0,0.0
00:02:28.779,1705373731681,220.122,138.305,212.591,139.898,874.376,33.634,33.117,1,0,0,0,0.0,227.837,136.65,726.1,31.414,29.445,1.0,0.0,0.0,0.0,0.0
00:02:28.796,1705373731698,220.162,138.33,212.593,139.865,862.175,33.444,32.84,1,0,0,0,0.0,227.653,136.711,717.077,31.128,29.346,1.0,0.0,0.0,0.0,0.0
00:02:28.813,1705373731715,219.966,138.261,212.444,139.823,855.173,33.377,32.639,1,0,0,0,0.0,227.731,136.795,708.994,30.849,29.277,1.0,0.0,0.0,0.0,0.0
00:02:28.829,1705373731731,218.441,138.48,211.618,139.989,843.404,33.004,32.554,1,0,0,0,0.0,227.488,136.698,709.285,30.652,29.478,1.0,0.0,0.0,0.0,0.0
00:02:28.846,1705373731748,214.425,139.579,207.62,140.899,838.295,33.006,32.354,0,417,1,0,0.0,225.263,136.971,663.509,30.871,27.379,1.0,0.0,0.0,0.0,0.0
00:02:28.863,1705373731765,213.976,139.615,206.873,141.16,834.94,32.912,32.317,1,0,0,17,1.72,221.231,138.259,729.55,31.189,29.798,1.0,0.0,0.0,0.0,0.0
00:02:28.879,1705373731781,213.999,139.78,206.886,141.309,832.165,32.913,32.208,1,0,0,0,0.0,221.08,138.069,714.725,30.755,29.605,1.0,0.0,0.0,0.0,0.0
00:02:28.896,1705373731798,213.929,139.676,206.751,141.226,822.863,32.697,32.059,1,0,0,0,0.0,221.111,138.251,716.897,30.627,29.818,1.0,0.0,0.0,0.0,0.0
00:02:28.913,1705373731815,213.921,139.746,206.741,141.203,823.748,32.57,32.218,1,0,0,0,0.0,221.107,138.126,713.937,30.666,29.658,1.0,0.0,0.0,0.0,0.0
00:02:28.929,1705373731831,213.962,139.631,206.745,141.185,810.351,32.541,31.723,1,0,0,0,0.0,221.101,138.288,709.253,30.642,29.485,1.0,0.0,0.0,0.0,0.0
00:02:28.946,1705373731848,213.808,139.668,206.578,141.152,817.934,32.684,31.88,1,0,0,0,0.0,221.179,138.077,700.244,30.499,29.248,1.0,0.0,0.0,0.0,0.0
00:02:28.963,1705373731865,213.735,139.487,206.449,141.041,804.849,32.369,31.675,1,0,0,0,0.0,221.038,138.185,708.105,30.739,29.345,1.0,0.0,0.0,0.0,0.0
00:02:28.979,1705373731881,213.666,139.494,206.419,140.995,810.358,32.631,31.635,1,0,0,0,0.0,221.021,137.932,700.48,30.491,29.265,1.0,0.0,0.0,0.0,0.0
00:02:28.996,1705373731898,213.604,139.442,206.322,140.988,807.898,32.477,31.689,1,0,0,0,0.0,220.913,137.992,699.647,30.399,29.319,1.0,0.0,0.0,0.0,0.0
00:02:29.013,1705373731915,213.498,139.349,206.165,140.906,813.045,32.599,31.772,1,0,0,0,0.0,220.887,137.896,695.622,30.363,29.185,1.0,0.0,0.0,0.0,0.0
00:02:29.029,1705373731931,213.564,139.266,206.076,140.8,807.933,32.388,31.778,1,0,0,0,0.0,220.831,137.792,697.362,30.505,29.122,1.0,0.0,0.0,0.0,0.0
00:02:29.046,1705373731948,213.521,139.261,206.096,140.792,803.635,32.263,31.731,1,0,0,0,0.0,221.051,137.732,687.324,30.146,29.044,1.0,0.0,0.0,0.0,0.0
00:02:29.063,1705373731965,213.442,139.234,206.065,140.798,800.218,32.135,31.722,1,0,0,0,0.0,220.946,137.73,687.673,30.188,29.019,1.0,0.0,0.0,0.0,0.0
00:02:29.079,1705373731981,213.475,139.254,206.096,140.767,793.417,32.076,31.51,1,0,0,0,0.0,220.819,137.669,685.491,30.092,29.019,1.0,0.0,0.0,0.0,0.0
00:02:29.096,1705373731998,213.612,139.274,206.224,140.823,799.408,32.21,31.616,1,0,0,0,0.0,220.855,137.74,681.943,30.126,28.836,1.0,0.0,0.0,0.0,0.0
00:02:29.113,1705373732015,213.647,139.251,206.237,140.785,799.611,32.284,31.551,1,0,0,0,0.0,221.0,137.726,682.63,30.168,28.825,1.0,0.0,0.0,0.0,0.0
00:02:29.129,1705373732031,213.517,139.373,206.155,140.965,786.517,31.999,31.311,1,0,0,0,0.0,221.056,137.716,676.297,30.107,28.615,1.0,0.0,0.0,0.0,0.0
00:02:29.146,1705373732048,213.53,139.389,206.177,140.928,790.586,31.995,31.477,1,0,0,0,0.0,220.88,137.78,684.025,30.145,28.906,1.0,0.0,0.0,0.0,0.0
00:02:29.163,1705373732065,213.572,139.334,206.213,140.902,785.411,32.017,31.25,1,0,0,0,0.0,220.884,137.849,683.521,30.199,28.833,1.0,0.0,0.0,0.0,0.0
00:02:29.179,1705373732081,213.516,139.456,206.242,140.956,787.698,31.905,31.451,1,0,0,0,0.0,220.93,137.766,679.139,30.022,28.817,1.0,0.0,0.0,0.0,0.0
00:02:29.196,1705373732098,213.537,139.425,206.203,140.991,778.741,31.782,31.213,1,0,0,0,0.0,220.789,137.957,684.844,30.419,28.68,1.0,0.0,0.0,0.0,0.0
00:02:29.213,1705373732115,213.63,139.438,206.28,141.001,784.706,31.828,31.407,1,0,0,0,0.0,220.872,137.859,675.498,29.978,28.704,1.0,0.0,0.0,0.0,0.0
00:02:29.229,1705373732131,213.786,139.411,206.344,141.087,778.009,31.784,31.182,1,0,0,0,0.0,220.981,137.875,670.999,30.136,28.364,1.0,0.0,0.0,0.0,0.0
00:02:29.246,1705373732148,213.604,139.51,206.302,141.051,781.47,31.772,31.333,1,0,0,0,0.0,221.227,137.736,660.225,29.854,28.172,1.0,0.0,0.0,0.0,0.0
00:02:29.263,1705373732165,213.715,139.41,206.26,141.078,772.711,31.713,31.039,1,0,0,0,0.0,220.906,137.968,676.771,30.009,28.729,1.0,0.0,0.0,0.0,0.0
00:02:29.279,1705373732181,213.776,139.487,206.199,141.007,769.208,31.616,30.993,1,0,0,0,0.0,221.171,137.742,658.324,29.904,28.044,1.0,0.0,0.0,0.0,0.0
00:02:29.296,1705373732198,213.758,139.479,206.35,141.05,774.233,31.699,31.114,1,0,0,0,0.0,221.352,137.967,641.775,29.508,27.706,1.0,0.0,0.0,0.0,0.0
00:02:29.313,1705373732215,213.58,139.512,206.39,141.008,765.974,31.575,30.903,1,0,0,0,0.0,221.166,137.907,659.953,29.702,28.305,1.0,0.0,0.0,0.0,0.0
00:02:29.329,1705373732231,213.529,139.422,206.283,140.963,771.084,31.736,30.952,1,0,0,0,0.0,220.77,138.016,667.778,29.924,28.428,1.0,0.0,0.0,0.0,0.0
00:02:29.346,1705373732248,213.48,139.41,206.166,140.902,769.218,31.605,31.004,1,0,0,0,0.0,220.776,137.881,664.02,29.831,28.356,1.0,0.0,0.0,0.0,0.0
00:02:29.363,1705373732265,213.522,139.364,206.187,140.866,773.298,31.664,31.111,1,0,0,0,0.0,220.795,137.917,666.25,29.747,28.531,1.0,0.0,0.0,0.0,0.0
00:02:29.379,1705373732281,213.559,139.327,206.289,140.815,774.601,31.557,31.269,1,0,0,0,0.0,220.857,137.861,667.652,29.735,28.603,1.0,0.0,0.0,0.0,0.0
00:02:29.396,1705373732298,213.585,139.295,206.332,140.737,773.471,31.641,31.141,1,0,0,0,0.0,220.83,137.839,668.664,29.846,28.539,1.0,0.0,0.0,0.0,0.0
00:02:29.413,1705373732315,213.513,139.222,206.273,140.687,766.388,31.59,30.905,1,0,0,0,0.0,220.837,137.854,665.703,29.914,28.349,1.0,0.0,0.0,0.0,0.0
00:02:29.429,1705373732331,213.545,139.171,206.272,140.635,768.916,31.568,31.029,1,0,0,0,0.0,220.753,137.757,662.003,29.777,28.321,1.0,0.0,0.0,0.0,0.0
00:02:29.446,1705373732348,213.551,139.197,206.208,140.675,774.314,31.608,31.207,1,0,0,0,0.0,220.817,137.708,658.689,29.524,28.421,1.0,0.0,0.0,0.0,0.0
00:02:29.463,1705373732365,213.631,139.105,206.191,140.584,769.953,31.544,31.095,1,0,0,0,0.0,220.894,137.72,661.808,29.866,28.228,1.0,0.0,0.0,0.0,0.0
00:02:29.479,1705373732381,213.505,139.134,206.138,140.574,765.23,31.412,31.034,1,0,0,0,0.0,221.072,137.625,647.796,29.516,27.958,1.0,0.0,0.0,0.0,0.0
00:02:29.496,1705373732398,213.418,139.045,206.201,140.478,766.932,31.536,30.98,1,0,0,0,0.0,220.871,137.695,653.2,29.654,28.06,1.0,0.0,0.0,0.0,0.0
00:02:29.513,1705373732415,213.405,139.009,206.121,140.442,771.455,31.562,31.137,1,0,0,0,0.0,220.634,137.611,660.952,29.969,28.095,1.0,0.0,0.0,0.0,0.0
00:02:29.529,1705373732431,213.389,138.888,206.108,140.326,762.041,31.419,30.897,1,0,0,0,0.0,220.689,137.576,658.226,29.615,28.313,1.0,0.0,0.0,0.0,0.0
00:02:29.546,1705373732448,213.371,138.821,205.949,140.251,753.008,31.251,30.695,1,0,0,0,0.0,220.67,137.449,651.972,29.517,28.138,1.0,0.0,0.0,0.0,0.0
00:02:29.563,1705373732465,213.235,138.838,206.014,140.168,754.965,31.361,30.667,1,0,0,0,0.0,220.792,137.39,642.155,29.408,27.817,1.0,0.0,0.0,0.0,0.0
00:02:29.579,1705373732481,213.389,138.758,205.944,140.157,758.655,31.28,30.897,1,0,0,0,0.0,220.455,137.509,649.353,29.405,28.131,1.0,0.0,0.0,0.0,0.0
00:02:29.596,1705373732498,213.315,138.644,205.954,140.132,754.981,31.231,30.795,1,0,0,0,0.0,220.834,137.358,634.795,29.176,27.716,1.0,0.0,0.0,0.0,0.0
00:02:29.613,1705373732515,213.222,138.737,205.843,140.067,756.297,31.273,30.807,1,0,0,0,0.0,220.677,137.156,630.123,29.32,27.377,1.0,0.0,0.0,0.0,0.0
00:02:29.629,1705373732531,213.072,138.62,205.903,140.056,750.545,31.132,30.712,1,0,0,0,0.0,220.601,137.407,641.401,29.465,27.731,1.0,0.0,0.0,0.0,0.0
00:02:29.646,1705373732548,213.254,138.711,205.946,139.994,749.851,31.3,30.519,1,0,0,0,0.0,220.24,137.184,633.103,29.412,27.421,1.0,0.0,0.0,0.0,0.0
00:02:29.663,1705373732565,213.309,138.757,205.899,140.133,744.808,31.122,30.487,1,0,0,0,0.0,220.561,137.429,637.447,29.322,27.694,1.0,0.0,0.0,0.0,0.0
00:02:29.679,1705373732581,213.072,138.574,205.947,140.034,733.004,31.066,30.057,1,0,0,0,0.0,220.719,137.381,630.704,29.135,27.577,1.0,0.0,0.0,0.0,0.0
00:02:29.696,1705373732598,213.365,138.777,206.043,140.13,738.712,31.032,30.324,1,0,0,0,0.0,220.197,137.114,626.27,29.783,26.787,1.0,0.0,0.0,0.0,0.0
00:02:29.713,1705373732615,213.088,138.808,205.929,140.165,739.438,31.042,30.345,1,0,0,0,0.0,220.687,137.425,627.344,28.987,27.57,1.0,0.0,0.0,0.0,0.0
00:02:29.729,1705373732631,213.27,138.93,205.918,140.294,745.098,31.08,30.54,1,0,0,0,0.0,220.247,137.451,620.33,28.689,27.544,1.0,0.0,0.0,0.0,0.0
00:02:29.746,1705373732648,213.187,138.885,205.671,140.162,725.205,30.908,29.889,1,0,0,0,0.0,220.621,137.565,640.012,29.356,27.773,1.0,0.0,0.0,0.0,0.0
00:02:29.763,1705373732665,213.185,138.917,205.944,140.298,729.802,30.85,30.136,1,0,0,0,0.0,220.704,137.609,629.0,28.965,27.663,1.0,0.0,0.0,0.0,0.0
00:02:29.779,1705373732681,213.118,138.823,205.798,140.179,741.606,30.991,30.484,1,0,0,0,0.0,220.426,137.536,626.467,28.951,27.565,1.0,0.0,0.0,0.0,0.0
00:02:29.796,1705373732698,212.962,138.362,205.377,139.65,728.521,30.78,30.151,1,0,0,0,0.0,220.437,137.466,635.406,29.235,27.687,1.0,0.0,0.0,0.0,0.0
00:02:29.813,1705373732715,212.323,141.019,204.431,141.21,633.986,31.481,25.654,1,0,0,0,0.0,220.546,137.075,623.691,28.826,27.562,1.0,0.0,0.0,0.0,0.0
00:02:29.829,1705373732731,0.0,0.0,0.0,0.0,0.0,0.0,0.0,0,966,0,0,0.0,220.214,140.828,361.599,25.374,18.154,1.0,0.0,0.0,0.0,0.0
00:02:29.846,1705373732748,0.0,0.0,0.0,0.0,0.0,0.0,0.0,0,0,0,0,0.0,0.0,0.0,0.0,0.0,0.0,0.0,1400.0,0.0,0.0,0.0
00:02:29.863,1705373732765,0.0,0.0,0.0,0.0,0.0,0.0,0.0,0,0,0,0,0.0,0.0,0.0,0.0,0.0,0.0,0.0,0.0,0.0,0.0,0.0
00:02:29.879,1705373732781,0.0,0.0,0.0,0.0,0.0,0.0,0.0,0,0,0,0,0.0,0.0,0.0,0.0,0.0,0.0,0.0,0.0,0.0,0.0,0.0
00:02:29.896,1705373732798,0.0,0.0,0.0,0.0,0.0,0.0,0.0,0,0,0,0,0.0,0.0,0.0,0.0,0.0,0.0,0.0,0.0,0.0,0.0,0.0
00:02:29.913,1705373732815,0.0,0.0,0.0,0.0,0.0,0.0,0.0,0,0,0,0,0.0,0.0,0.0,0.0,0.0,0.0,0.0,0.0,0.0,0.0,0.0
00:02:29.929,1705373732831,0.0,0.0,0.0,0.0,0.0,0.0,0.0,0,0,0,0,0.0,0.0,0.0,0.0,0.0,0.0,0.0,0.0,0.0,0.0,0.0
00:02:29.946,1705373732848,0.0,0.0,0.0,0.0,0.0,0.0,0.0,0,0,0,0,0.0,222.011,138.118,471.666,27.708,21.685,0.0,0.0,0.0,0.0,0.0
00:02:29.963,1705373732865,0.0,0.0,0.0,0.0,0.0,0.0,0.0,0,0,0,0,0.0,222.785,135.82,563.318,28.142,25.5,1.0,0.0,0.0,0.0,0.0
00:02:29.979,1705373732881,0.0,0.0,0.0,0.0,0.0,0.0,0.0,0,0,0,0,0.0,222.452,135.901,585.656,28.26,26.399,1.0,0.0,0.0,0.0,0.0
00:02:29.996,1705373732898,0.0,0.0,0.0,0.0,0.0,0.0,0.0,0,0,0,0,0.0,222.294,136.141,589.345,28.492,26.35,1.0,0.0,0.0,0.0,0.0
00:02:30.013,1705373732915,0.0,0.0,0.0,0.0,0.0,0.0,0.0,0,0,0,0,0.0,222.31,136.156,585.773,28.583,26.106,1.0,0.0,0.0,0.0,0.0
00:02:30.029,1705373732931,0.0,0.0,0.0,0.0,0.0,0.0,0.0,0,0,0,0,0.0,222.751,135.991,559.448,28.304,25.179,1.0,0.0,0.0,0.0,0.0
00:02:30.046,1705373732948,0.0,0.0,0.0,0.0,0.0,0.0,0.0,0,0,0,0,0.0,222.129,136.259,595.517,28.419,26.694,1.0,0.0,0.0,0.0,0.0
00:02:30.063,1705373732965,0.0,0.0,0.0,0.0,0.0,0.0,0.0,0,0,0,0,0.0,222.053,136.319,594.469,28.338,26.723,1.0,0.0,0.0,0.0,0.0
00:02:30.079,1705373732981,0.0,0.0,0.0,0.0,0.0,0.0,0.0,0,0,0,0,0.0,221.839,136.153,600.367,28.527,26.81,1.0,0.0,0.0,0.0,0.0
00:02:30.096,1705373732998,0.0,0.0,0.0,0.0,0.0,0.0,0.0,0,0,0,0,0.0,222.283,135.563,574.269,28.841,25.365,1.0,0.0,0.0,0.0,0.0
00:02:30.113,1705373733015,0.0,0.0,0.0,0.0,0.0,0.0,0.0,0,0,0,0,0.0,221.466,136.216,623.443,29.295,27.11,1.0,0.0,0.0,0.0,0.0
00:02:30.129,1705373733031,0.0,0.0,206.084,139.293,743.631,30.988,30.57,0,0,0,0,0.0,221.664,135.897,609.199,29.167,26.607,1.0,0.0,0.0,0.0,0.0
00:02:30.146,1705373733048,0.0,0.0,206.198,138.698,738.568,31.039,30.312,1,0,0,0,0.0,222.008,135.888,610.115,28.977,26.822,1.0,0.0,0.0,0.0,0.0
00:02:30.163,1705373733065,0.0,0.0,206.089,138.69,753.335,31.22,30.738,1,0,0,0,0.0,221.772,135.671,605.999,29.235,26.406,1.0,0.0,0.0,0.0,0.0
00:02:30.179,1705373733081,0.0,0.0,206.246,138.638,753.606,31.29,30.681,1,0,0,0,0.0,222.233,135.492,601.151,29.015,26.394,1.0,0.0,0.0,0.0,0.0
00:02:30.196,1705373733098,0.0,0.0,206.107,138.643,763.959,31.435,30.959,1,0,0,0,0.0,221.463,135.991,636.035,29.511,27.456,1.0,0.0,0.0,0.0,0.0
00:02:30.213,1705373733115,0.0,0.0,206.179,138.673,767.487,31.492,31.046,1,0,0,0,0.0,221.908,135.607,627.244,29.45,27.132,1.0,0.0,0.0,0.0,0.0
00:02:30.229,1705373733131,0.0,0.0,206.044,138.704,780.391,31.832,31.23,1,0,0,0,0.0,221.387,135.474,631.211,30.135,26.683,1.0,0.0,0.0,0.0,0.0
00:02:30.246,1705373733148,0.0,0.0,206.138,138.652,777.652,31.795,31.157,1,0,0,0,0.0,221.481,135.897,657.655,30.008,27.919,1.0,0.0,0.0,0.0,0.0
00:02:30.263,1705373733165,0.0,0.0,206.047,138.799,791.147,31.916,31.577,1,0,0,0,0.0,220.823,136.303,686.432,30.478,28.69,1.0,0.0,0.0,0.0,0.0
00:02:30.279,1705373733181,0.0,0.0,206.002,138.685,788.829,32.024,31.379,1,0,0,0,0.0,221.657,135.949,654.766,29.874,27.921,1.0,0.0,0.0,0.0,0.0
00:02:30.296,1705373733198,0.0,0.0,205.974,138.777,796.559,32.097,31.614,1,0,0,0,0.0,220.785,136.353,698.73,30.758,28.939,1.0,0.0,0.0,0.0,0.0
00:02:30.313,1705373733215,0.0,0.0,206.052,138.774,803.684,32.238,31.758,1,0,0,0,0.0,221.625,135.638,651.891,30.251,27.452,1.0,0.0,0.0,0.0,0.0
00:02:30.329,1705373733231,0.0,0.0,205.942,138.828,800.883,32.179,31.705,1,0,0,0,0.0,220.834,136.289,693.17,30.546,28.908,1.0,0.0,0.0,0.0,0.0
00:02:30.346,1705373733248,0.0,0.0,205.994,138.755,806.141,32.216,31.876,1,0,0,0,0.0,220.778,136.069,696.985,30.508,29.103,1.0,0.0,0.0,0.0,0.0
00:02:30.363,1705373733265,0.0,0.0,205.989,138.794,804.068,32.19,31.82,1,0,0,0,0.0,220.716,136.158,690.149,30.401,28.919,1.0,0.0,0.0,0.0,0.0
00:02:30.379,1705373733281,0.0,0.0,205.876,138.765,815.901,32.439,32.041,1,0,0,0,0.0,220.556,136.037,691.254,30.769,28.619,1.0,0.0,0.0,0.0,0.0
00:02:30.396,1705373733298,0.0,0.0,205.817,138.669,807.555,32.201,31.947,1,0,0,0,0.0,221.03,136.092,678.882,30.128,28.704,1.0,0.0,0.0,0.0,0.0
00:02:30.413,1705373733315,0.0,0.0,205.231,137.678,794.168,32.362,31.261,1,0,0,0,0.0,221.152,135.693,676.676,30.114,28.625,1.0,0.0,0.0,0.0,0.0
00:02:30.429,1705373733331,0.0,0.0,0.0,0.0,0.0,0.0,0.0,0,283,0,0,0.0,220.9,135.475,664.563,30.306,27.934,1.0,0.0,0.0,0.0,0.0
00:02:30.446,1705373733348,0.0,0.0,0.0,0.0,0.0,0.0,0.0,0,0,0,0,0.0,0.0,0.0,0.0,0.0,0.0,0.0,483.0,0.0,0.0,0.0
00:02:30.463,1705373733365,0.0,0.0,0.0,0.0,0.0,0.0,0.0,0,0,0,0,0.0,0.0,0.0,0.0,0.0,0.0,0.0,0.0,0.0,0.0,0.0
00:02:30.479,1705373733381,0.0,0.0,0.0,0.0,0.0,0.0,0.0,0,0,0,0,0.0,0.0,0.0,0.0,0.0,0.0,0.0,0.0,0.0,0.0,0.0
00:02:30.496,1705373733398,0.0,0.0,0.0,0.0,0.0,0.0,0.0,0,0,0,0,0.0,0.0,0.0,0.0,0.0,0.0,0.0,0.0,0.0,0.0,0.0
00:02:30.513,1705373733415,0.0,0.0,0.0,0.0,0.0,0.0,0.0,0,0,0,0,0.0,0.0,0.0,0.0,0.0,0.0,0.0,0.0,0.0,0.0,0.0
00:02:30.529,1705373733431,0.0,0.0,0.0,0.0,0.0,0.0,0.0,0,0,0,0,0.0,0.0,0.0,0.0,0.0,0.0,0.0,0.0,0.0,0.0,0.0
00:02:30.546,1705373733448,0.0,0.0,203.885,142.839,465.354,30.995,19.126,0,0,0,0,0.0,223.164,139.874,332.349,23.389,18.101,0.0,0.0,0.0,0.0,0.0
00:02:30.563,1705373733465,0.0,0.0,205.474,138.676,731.267,32.979,28.247,0,0,1,0,0.0,222.08,137.287,560.993,29.898,23.903,1.0,0.0,0.0,0.0,0.0
00:02:30.579,1705373733481,0.0,0.0,206.038,137.497,798.637,32.222,31.574,1,0,0,16,0.0,221.872,134.973,698.661,30.3,29.374,1.0,0.0,0.0,0.0,0.0
00:02:30.596,1705373733498,0.0,0.0,206.171,138.008,791.054,32.058,31.434,1,0,0,0,0.0,222.132,135.076,666.634,30.13,28.185,1.0,0.0,0.0,0.0,0.0
00:02:30.613,1705373733515,0.0,0.0,206.156,138.058,795.93,32.148,31.539,1,0,0,0,0.0,221.881,135.347,687.339,30.319,28.879,1.0,0.0,0.0,0.0,0.0
00:02:30.629,1705373733531,0.0,0.0,206.233,138.155,800.491,32.196,31.673,1,0,0,0,0.0,222.368,135.228,648.958,30.225,27.351,1.0,0.0,0.0,0.0,0.0
00:02:30.646,1705373733548,0.0,0.0,206.341,138.223,795.908,32.113,31.573,1,0,0,0,0.0,221.939,135.446,672.873,30.182,28.4,1.0,0.0,0.0,0.0,0.0
00:02:30.663,1705373733565,0.0,0.0,206.344,138.27,797.75,32.182,31.578,1,0,0,0,0.0,222.429,135.268,643.922,29.888,27.445,1.0,0.0,0.0,0.0,0.0
00:02:30.679,1705373733581,0.0,0.0,206.4,138.263,807.543,32.364,31.785,1,0,0,0,0.0,221.763,135.601,678.358,30.702,28.146,1.0,0.0,0.0,0.0,0.0
00:02:30.696,1705373733598,0.0,0.0,206.46,138.367,806.786,32.26,31.859,1,0,0,0,0.0,221.717,135.591,672.352,30.08,28.474,1.0,0.0,0.0,0.0,0.0
00:02:30.713,1705373733615,0.0,0.0,206.336,138.203,795.499,32.145,31.526,1,0,0,0,0.0,222.098,135.273,648.241,30.086,27.447,1.0,0.0,0.0,0.0,0.0
00:02:30.729,1705373733631,0.0,0.0,206.409,138.367,796.043,32.172,31.521,1,0,0,0,0.0,221.548,135.393,659.892,30.26,27.78,1.0,0.0,0.0,0.0,0.0
00:02:30.746,1705373733648,0.0,0.0,206.43,138.287,805.687,32.287,31.788,1,0,0,0,0.0,221.843,135.442,669.466,30.34,28.109,1.0,0.0,0.0,0.0,0.0
00:02:30.763,1705373733665,0.0,0.0,206.46,138.21,809.412,32.491,31.735,1,0,0,0,0.0,221.725,135.635,671.059,30.134,28.368,1.0,0.0,0.0,0.0,0.0
00:02:30.779,1705373733681,0.0,0.0,206.356,138.226,809.373,32.348,31.873,1,0,0,0,0.0,221.881,135.229,665.172,30.37,27.901,1.0,0.0,0.0,0.0,0.0
00:02:30.796,1705373733698,0.0,0.0,206.418,138.195,821.873,32.538,32.177,1,0,0,0,0.0,221.382,135.617,694.428,30.267,29.227,1.0,0.0,0.0,0.0,0.0
00:02:30.813,1705373733715,0.0,0.0,206.281,138.197,820.558,32.56,32.104,1,0,0,0,0.0,221.434,135.368,686.906,30.526,28.665,1.0,0.0,0.0,0.0,0.0
00:02:30.829,1705373733731,0.0,0.0,205.706,139.341,825.924,32.838,32.04,1,0,0,0,0.0,220.99,135.946,688.459,30.18,29.059,1.0,0.0,0.0,0.0,0.0
00:02:30.846,1705373733748,0.0,0.0,205.687,139.657,832.679,32.699,32.439,1,0,0,0,0.0,219.99,136.941,694.089,30.25,29.23,1.0,0.0,0.0,0.0,0.0
00:02:30.863,1705373733765,0.0,0.0,205.553,139.753,845.938,33.099,32.558,1,0,0,0,0.0,220.041,136.928,693.236,30.278,29.166,1.0,0.0,0.0,0.0,0.0
00:02:30.879,1705373733781,0.0,0.0,205.557,139.712,831.789,32.736,32.368,1,0,0,0,0.0,220.03,136.951,697.838,30.414,29.228,1.0,0.0,0.0,0.0,0.0
00:02:30.896,1705373733798,0.0,0.0,205.401,139.698,828.886,32.839,32.155,1,0,0,0,0.0,220.016,136.932,692.638,30.131,29.283,1.0,0.0,0.0,0.0,0.0
00:02:30.913,1705373733815,0.0,0.0,205.477,139.794,827.063,32.656,32.263,1,0,0,0,0.0,219.878,136.742,696.359,30.591,28.998,1.0,0.0,0.0,0.0,0.0
00:02:30.929,1705373733831,0.0,0.0,205.567,139.641,813.819,32.641,31.761,1,0,0,0,0.0,220.0,136.908,696.761,30.244,29.348,1.0,0.0,0.0,0.0,0.0
00:02:30.946,1705373733848,0.0,0.0,205.386,139.837,822.06,32.568,32.155,1,0,0,0,0.0,220.08,136.867,690.099,30.227,29.083,1.0,0.0,0.0,0.0,0.0
00:02:30.963,1705373733865,0.0,0.0,205.197,139.78,810.128,32.368,31.883,1,0,0,0,0.0,219.951,136.892,693.384,30.293,29.158,1.0,0.0,0.0,0.0,0.0
00:02:30.979,1705373733881,0.0,0.0,205.162,139.793,808.002,32.301,31.866,1,0,0,0,0.0,219.885,136.935,685.943,30.094,29.036,1.0,0.0,0.0,0.0,0.0
00:02:30.996,1705373733898,0.0,0.0,200.244,138.603,721.189,31.99,28.719,0,417,1,0,0.0,218.976,136.963,692.141,30.719,28.702,1.0,0.0,0.0,0.0,0.0
00:02:31.013,1705373733915,0.0,0.0,192.73,135.962,723.899,31.168,29.587,0,0,1,0,0.0,212.138,135.067,610.656,29.396,26.463,0.0,450.0,1.0,0.0,0.0
00:02:31.029,1705373733931,0.0,0.0,185.54,133.414,723.27,31.624,29.135,0,0,1,0,0.0,203.726,132.462,592.097,28.891,26.108,0.0,0.0,1.0,0.0,0.0
00:02:31.046,1705373733948,0.0,0.0,184.761,133.293,746.322,31.941,29.765,1,0,0,50,8.453,200.313,131.588,646.078,29.334,28.058,1.0,0.0,0.0,33.0,7.098
00:02:31.063,1705373733965,0.0,0.0,184.499,133.401,741.759,31.883,29.637,1,0,0,0,0.0,200.424,131.616,651.874,29.308,28.334,1.0,0.0,0.0,0.0,0.0
00:02:31.079,1705373733981,0.0,0.0,184.364,133.382,741.814,32.065,29.471,1,0,0,0,0.0,200.51,131.629,638.754,29.158,27.906,1.0,0.0,0.0,0.0,0.0
00:02:31.096,1705373733998,0.0,0.0,184.166,133.352,729.881,31.861,29.183,1,0,0,0,0.0,200.788,131.629,636.646,29.1,27.87,1.0,0.0,0.0,0.0,0.0
00:02:31.113,1705373734015,0.0,0.0,183.996,133.401,736.279,31.934,29.371,1,0,0,0,0.0,200.719,131.827,636.966,29.11,27.874,1.0,0.0,0.0,0.0,0.0
00:02:31.129,1705373734031,0.0,0.0,183.802,133.617,731.886,31.74,29.375,1,0,0,0,0.0,200.711,131.88,642.351,29.0,28.216,1.0,0.0,0.0,0.0,0.0
00:02:31.146,1705373734048,0.0,0.0,183.78,133.729,734.882,31.61,29.616,1,0,0,0,0.0,200.812,131.706,633.447,29.014,27.812,1.0,0.0,0.0,0.0,0.0
00:02:31.163,1705373734065,0.0,0.0,183.716,133.474,727.262,31.582,29.334,1,0,0,0,0.0,200.918,131.865,632.298,28.944,27.828,1.0,0.0,0.0,0.0,0.0
00:02:31.179,1705373734081,0.0,0.0,183.657,133.7,731.43,31.535,29.547,1,0,0,0,0.0,200.759,131.751,635.971,28.865,28.067,1.0,0.0,0.0,0.0,0.0
00:02:31.196,1705373734098,0.0,0.0,183.571,133.653,731.144,31.65,29.428,1,0,0,0,0.0,200.719,131.779,640.782,29.004,28.144,1.0,0.0,0.0,0.0,0.0
00:02:31.213,1705373734115,0.0,0.0,183.402,133.511,727.411,31.535,29.385,1,0,0,0,0.0,200.553,131.679,634.722,28.973,27.907,1.0,0.0,0.0,0.0,0.0
00:02:31.229,1705373734131,0.0,0.0,180.552,132.598,680.983,31.462,27.573,1,0,0,0,0.0,200.415,131.67,623.626,28.717,27.664,1.0,0.0,0.0,0.0,0.0
00:02:31.246,1705373734148,0.0,0.0,174.748,129.794,624.115,30.467,26.096,0,200,1,0,0.0,195.392,128.927,547.331,28.34,24.603,0.0,200.0,1.0,0.0,0.0
00:02:31.263,1705373734165,0.0,0.0,171.129,127.676,677.076,30.882,27.929,0,0,1,0,0.0,188.398,127.123,561.169,28.812,24.811,0.0,0.0,1.0,0.0,0.0
00:02:31.279,1705373734181,0.0,0.0,170.82,127.915,695.362,31.102,28.481,1,0,0,33,5.526,187.047,126.583,586.59,28.878,25.876,1.0,0.0,0.0,34.0,5.229
00:02:31.296,1705373734198,0.0,0.0,170.483,128.09,690.151,30.772,28.571,1,0,0,0,0.0,187.133,126.717,588.624,28.602,26.216,1.0,0.0,0.0,0.0,0.0
00:02:31.313,1705373734215,0.0,0.0,170.199,128.021,693.55,31.109,28.401,1,0,0,0,0.0,187.263,126.741,587.816,28.725,26.068,1.0,0.0,0.0,0.0,0.0
00:02:31.329,1705373734231,0.0,0.0,169.977,127.993,684.882,30.756,28.367,1,0,0,0,0.0,187.217,126.717,586.29,28.503,26.203,1.0,0.0,0.0,0.0,0.0
00:02:31.346,1705373734248,0.0,0.0,169.726,128.108,686.963,30.722,28.485,1,0,0,0,0.0,187.124,126.735,591.913,28.802,26.18,1.0,0.0,0.0,0.0,0.0
00:02:31.363,1705373734265,0.0,0.0,169.523,127.994,688.609,30.923,28.368,1,0,0,0,0.0,187.081,126.618,578.95,28.6,25.787,1.0,0.0,0.0,0.0,0.0
00:02:31.379,1705373734281,0.0,0.0,169.31,127.882,686.77,30.965,28.253,1,0,0,0,0.0,186.964,126.758,589.578,28.653,26.212,1.0,0.0,0.0,0.0,0.0
00:02:31.396,1705373734298,0.0,0.0,169.138,127.944,683.126,30.727,28.321,1,0,0,0,0.0,186.946,126.615,579.796,28.569,25.853,1.0,0.0,0.0,0.0,0.0
00:02:31.413,1705373734315,0.0,0.0,169.005,127.949,680.401,30.726,28.209,1,0,0,0,0.0,186.888,126.685,576.345,28.358,25.89,1.0,0.0,0.0,0.0,0.0
00:02:31.429,1705373734331,0.0,0.0,169.057,127.889,673.782,30.298,28.329,1,0,0,0,0.0,186.793,126.561,567.221,28.138,25.68,1.0,0.0,0.0,0.0,0.0
00:02:31.446,1705373734348,0.0,0.0,176.937,129.298,523.538,30.629,21.774,0,167,1,0,0.0,187.862,126.46,538.816,27.562,24.904,1.0,0.0,0.0,0.0,0.0
00:02:31.463,1705373734365,0.0,0.0,193.298,134.184,507.285,31.514,20.506,0,0,1,0,0.0,199.656,129.323,453.439,26.437,21.85,0.0,183.0,1.0,0.0,0.0
00:02:31.479,1705373734381,0.0,0.0,207.051,138.375,660.564,30.751,27.364,0,0,1,0,0.0,210.648,133.599,536.138,27.951,24.435,0.0,0.0,1.0,0.0,0.0
00:02:31.496,1705373734398,0.0,0.0,209.366,139.611,738.12,30.932,30.399,1,0,0,50,15.499,219.226,136.478,585.145,28.279,26.359,0.0,0.0,1.0,0.0,0.0
00:02:31.513,1705373734415,0.0,0.0,209.148,139.672,728.521,30.776,30.155,1,0,0,0,0.0,220.259,136.47,584.015,28.541,26.066,1.0,0.0,0.0,50.0,13.43
00:02:31.529,1705373734431,0.0,0.0,208.978,139.574,724.924,30.671,30.109,1,0,0,0,0.0,220.404,136.644,589.261,28.296,26.528,1.0,0.0,0.0,0.0,0.0
00:02:31.546,1705373734448,0.0,0.0,208.81,139.518,730.252,30.766,30.237,1,0,0,0,0.0,219.829,137.008,627.289,29.261,27.309,1.0,0.0,0.0,0.0,0.0
00:02:31.563,1705373734465,0.0,0.0,208.754,139.54,720.78,30.623,29.984,1,0,0,0,0.0,220.979,136.596,576.764,28.43,25.843,1.0,0.0,0.0,0.0,0.0
00:02:31.579,1705373734481,0.0,0.0,208.656,139.519,728.019,30.573,30.335,1,0,0,0,0.0,221.158,136.677,571.573,27.941,26.06,1.0,0.0,0.0,0.0,0.0
00:02:31.596,1705373734498,0.0,0.0,208.59,139.509,720.223,30.604,29.979,1,0,0,0,0.0,221.037,136.152,566.217,28.489,25.319,1.0,0.0,0.0,0.0,0.0
00:02:31.613,1705373734515,0.0,0.0,208.549,139.442,720.357,30.64,29.95,1,0,0,0,0.0,221.07,136.682,587.382,28.547,26.212,1.0,0.0,0.0,0.0,0.0
00:02:31.629,1705373734531,0.0,0.0,208.445,139.545,725.06,30.521,30.263,1,0,0,0,0.0,221.522,136.262,558.089,27.923,25.461,1.0,0.0,0.0,0.0,0.0
00:02:31.646,1705373734548,0.0,0.0,208.373,139.528,718.911,30.466,30.06,1,0,0,0,0.0,221.462,136.525,573.837,27.997,26.11,1.0,0.0,0.0,0.0,0.0
00:02:31.663,1705373734565,0.0,0.0,208.396,139.601,719.89,30.539,30.029,1,0,0,0,0.0,221.375,136.445,569.552,28.105,25.816,1.0,0.0,0.0,0.0,0.0
00:02:31.679,1705373734581,0.0,0.0,208.24,139.514,722.335,30.559,30.111,1,0,0,0,0.0,221.739,136.415,561.812,27.913,25.64,1.0,0.0,0.0,0.0,0.0
00:02:31.696,1705373734598,0.0,0.0,208.229,139.665,715.191,30.394,29.976,1,0,0,0,0.0,221.701,136.385,557.924,27.798,25.567,1.0,0.0,0.0,0.0,0.0
00:02:31.713,1705373734615,0.0,0.0,208.065,139.49,711.971,30.373,29.861,1,0,0,0,0.0,221.629,136.481,563.299,27.611,25.989,1.0,0.0,0.0,0.0,0.0
00:02:31.729,1705373734631,0.0,0.0,208.189,139.547,710.909,30.426,29.765,1,0,0,0,0.0,221.863,136.238,547.772,27.732,25.162,1.0,0.0,0.0,0.0,0.0
00:02:31.746,1705373734648,0.0,0.0,208.146,139.362,715.291,30.527,29.849,1,0,0,0,0.0,221.743,136.551,560.8,27.561,25.92,1.0,0.0,0.0,0.0,0.0
00:02:31.763,1705373734665,0.0,0.0,207.934,139.539,702.773,30.209,29.636,1,0,0,0,0.0,221.726,136.376,560.356,27.614,25.85,1.0,0.0,0.0,0.0,0.0
00:02:31.779,1705373734681,0.0,0.0,208.036,139.454,702.791,30.218,29.628,1,0,0,0,0.0,221.711,136.427,552.361,27.586,25.507,1.0,0.0,0.0,0.0,0.0
00:02:31.796,1705373734698,0.0,0.0,207.987,139.544,705.456,30.228,29.73,1,0,0,0,0.0,221.464,136.539,565.882,28.037,25.712,1.0,0.0,0.0,0.0,0.0
00:02:31.813,1705373734715,0.0,0.0,208.023,139.535,705.477,30.337,29.624,1,0,0,0,0.0,221.906,136.43,548.815,27.58,25.349,1.0,0.0,0.0,0.0,0.0
00:02:31.829,1705373734731,0.0,0.0,208.144,139.656,702.504,30.276,29.559,1,0,0,0,0.0,221.443,136.512,561.043,27.952,25.569,1.0,0.0,0.0,0.0,0.0
00:02:31.846,1705373734748,0.0,0.0,207.879,139.696,706.153,30.254,29.734,1,0,0,0,0.0,221.921,136.482,550.775,27.661,25.365,1.0,0.0,0.0,0.0,0.0
00:02:31.863,1705373734765,0.0,0.0,207.894,139.636,706.579,30.311,29.695,1,0,0,0,0.0,221.915,136.282,546.21,27.554,25.252,1.0,0.0,0.0,0.0,0.0
00:02:31.879,1705373734781,0.0,0.0,207.8,139.708,706.097,30.401,29.587,1,0,0,0,0.0,221.929,136.554,553.128,27.529,25.596,1.0,0.0,0.0,0.0,0.0
00:02:31.896,1705373734798,0.0,0.0,207.764,139.839,712.38,30.408,29.844,1,0,0,0,0.0,221.702,136.594,556.083,27.656,25.615,1.0,0.0,0.0,0.0,0.0
00:02:31.913,1705373734815,0.0,0.0,207.669,139.772,713.966,30.574,29.748,1,0,0,0,0.0,221.614,136.482,563.267,27.694,25.91,1.0,0.0,0.0,0.0,0.0
00:02:31.929,1705373734831,0.0,0.0,207.784,139.809,716.337,30.692,29.732,1,0,0,0,0.0,221.786,136.251,547.68,27.701,25.186,1.0,0.0,0.0,0.0,0.0
00:02:31.946,1705373734848,0.0,0.0,207.586,139.708,708.582,30.481,29.613,1,0,0,0,0.0,221.638,136.512,563.125,27.718,25.881,1.0,0.0,0.0,0.0,0.0
00:02:31.963,1705373734865,0.0,0.0,207.503,139.758,716.912,30.583,29.861,1,0,0,0,0.0,221.488,136.592,572.737,27.71,26.33,1.0,0.0,0.0,0.0,0.0
00:02:31.979,1705373734881,0.0,0.0,207.537,139.851,720.632,30.572,30.027,1,0,0,0,0.0,221.686,136.433,560.537,27.803,25.683,1.0,0.0,0.0,0.0,0.0
00:02:31.996,1705373734898,0.0,0.0,207.451,139.759,722.346,30.713,29.961,1,0,0,0,0.0,220.319,136.824,604.645,29.307,26.282,1.0,0.0,0.0,0.0,0.0
00:02:32.013,1705373734915,0.0,0.0,207.377,139.734,711.48,30.551,29.667,1,0,0,0,0.0,221.634,136.41,558.291,27.885,25.505,1.0,0.0,0.0,0.0,0.0
00:02:32.029,1705373734931,0.0,0.0,207.515,139.836,717.482,30.585,29.883,1,0,0,0,0.0,221.553,136.393,559.775,27.857,25.598,1.0,0.0,0.0,0.0,0.0
00:02:32.046,1705373734948,0.0,0.0,207.481,139.714,719.074,30.695,29.843,1,0,0,0,0.0,221.548,136.636,570.17,27.867,26.064,1.0,0.0,0.0,0.0,0.0
00:02:32.063,1705373734965,0.0,0.0,207.571,139.58,711.484,30.58,29.638,1,0,0,0,0.0,221.585,136.595,564.627,27.948,25.736,1.0,0.0,0.0,0.0,0.0
00:02:32.079,1705373734981,0.0,0.0,207.423,139.748,728.785,30.795,30.147,1,0,0,0,0.0,221.516,136.482,563.797,27.892,25.75,1.0,0.0,0.0,0.0,0.0
00:02:32.096,1705373734998,0.0,0.0,207.376,139.785,727.066,30.762,30.109,1,0,0,0,0.0,222.089,135.727,521.828,28.215,23.56,1.0,0.0,0.0,0.0,0.0
00:02:32.113,1705373735015,0.0,0.0,207.353,139.807,718.49,30.613,29.898,1,0,0,0,0.0,221.45,136.609,565.486,27.998,25.729,1.0,0.0,0.0,0.0,0.0
00:02:32.129,1705373735031,0.0,0.0,207.328,139.792,721.911,30.689,29.967,1,0,0,0,0.0,221.215,136.914,585.046,28.459,26.188,1.0,0.0,0.0,0.0,0.0
00:02:32.146,1705373735048,0.0,0.0,205.818,140.179,716.446,30.463,29.959,1,0,0,0,0.0,221.094,136.75,577.34,28.128,26.147,1.0,0.0,0.0,0.0,0.0
00:02:32.163,1705373735065,0.0,0.0,204.436,140.241,723.945,30.671,30.068,1,0,0,0,0.0,218.222,137.384,603.264,28.495,26.969,1.0,0.0,0.0,0.0,0.0
00:02:32.179,1705373735081,0.0,0.0,204.223,140.243,733.39,30.918,30.218,1,0,0,0,0.0,217.54,137.354,603.237,28.272,27.181,1.0,0.0,0.0,0.0,0.0
00:02:32.196,1705373735098,0.0,0.0,204.127,140.282,729.622,30.86,30.119,1,0,0,0,0.0,217.856,137.645,589.459,28.095,26.728,1.0,0.0,0.0,0.0,0.0
00:02:32.213,1705373735115,0.0,0.0,204.131,140.174,729.744,30.928,30.057,1,0,0,0,0.0,217.589,137.442,601.052,28.187,27.164,1.0,0.0,0.0,0.0,0.0
00:02:32.229,1705373735131,0.0,0.0,204.163,140.223,742.513,31.068,30.446,1,0,0,0,0.0,217.612,137.423,604.503,28.36,27.154,1.0,0.0,0.0,0.0,0.0
00:02:32.246,1705373735148,0.0,0.0,204.166,140.084,732.852,31.039,30.077,1,0,0,0,0.0,217.395,137.298,602.466,28.175,27.24,1.0,0.0,0.0,0.0,0.0
00:02:32.263,1705373735165,0.0,0.0,204.072,140.186,738.663,31.016,30.338,1,0,0,0,0.0,217.693,137.396,606.116,28.517,27.076,1.0,0.0,0.0,0.0,0.0
00:02:32.279,1705373735181,0.0,0.0,204.115,140.098,732.159,30.965,30.12,1,0,0,0,0.0,217.705,137.437,607.182,28.488,27.151,1.0,0.0,0.0,0.0,0.0
00:02:32.296,1705373735198,0.0,0.0,204.035,140.133,749.744,31.252,30.561,1,0,0,0,0.0,217.709,137.433,605.521,28.42,27.142,1.0,0.0,0.0,0.0,0.0
00:02:32.313,1705373735215,0.0,0.0,203.871,140.036,735.277,31.055,30.161,1,0,0,0,0.0,217.578,137.251,610.215,28.474,27.3,1.0,0.0,0.0,0.0,0.0
00:02:32.329,1705373735231,0.0,0.0,203.877,139.914,734.399,31.183,30.001,1,0,0,0,0.0,217.703,137.319,609.2,28.486,27.243,1.0,0.0,0.0,0.0,0.0
00:02:32.346,1705373735248,0.0,0.0,203.782,139.937,740.262,31.179,30.245,1,0,0,0,0.0,217.579,137.327,612.007,28.452,27.402,1.0,0.0,0.0,0.0,0.0
00:02:32.363,1705373735265,0.0,0.0,204.033,139.917,744.593,31.236,30.366,1,0,0,0,0.0,217.643,137.338,612.474,28.506,27.371,1.0,0.0,0.0,0.0,0.0
00:02:32.379,1705373735281,0.0,0.0,203.762,139.967,736.122,31.067,30.184,1,0,0,0,0.0,217.449,137.322,615.899,28.635,27.4,1.0,0.0,0.0,0.0,0.0
00:02:32.396,1705373735298,0.0,0.0,203.858,139.976,757.891,31.403,30.745,1,0,0,0,0.0,217.707,137.284,610.116,28.746,27.037,1.0,0.0,0.0,0.0,0.0
00:02:32.413,1705373735315,0.0,0.0,203.887,139.891,748.704,31.374,30.4,1,0,0,0,0.0,217.395,137.227,610.726,28.728,27.081,1.0,0.0,0.0,0.0,0.0
00:02:32.429,1705373735331,0.0,0.0,203.836,139.843,746.823,31.43,30.269,1,0,0,0,0.0,217.696,137.331,619.55,28.684,27.515,1.0,0.0,0.0,0.0,0.0
00:02:32.446,1705373735348,0.0,0.0,203.702,139.982,757.369,31.545,30.585,1,0,0,0,0.0,217.709,137.356,616.222,28.508,27.536,1.0,0.0,0.0,0.0,0.0
00:02:32.463,1705373735365,0.0,0.0,203.784,139.916,747.593,31.366,30.362,1,0,0,0,0.0,217.706,137.448,617.429,28.615,27.487,1.0,0.0,0.0,0.0,0.0
00:02:32.479,1705373735381,0.0,0.0,203.836,140.01,759.534,31.556,30.662,1,0,0,0,0.0,217.928,137.362,615.233,28.598,27.405,1.0,0.0,0.0,0.0,0.0
00:02:32.496,1705373735398,0.0,0.0,203.795,140.044,762.77,31.615,30.735,1,0,0,0,0.0,217.714,137.41,622.328,28.735,27.589,1.0,0.0,0.0,0.0,0.0
00:02:32.513,1705373735415,0.0,0.0,203.741,140.084,753.506,31.531,30.443,1,0,0,0,0.0,217.73,137.433,622.776,28.591,27.748,1.0,0.0,0.0,0.0,0.0
00:02:32.529,1705373735431,0.0,0.0,203.732,140.095,769.568,31.735,30.892,1,0,0,0,0.0,217.771,137.396,624.514,28.687,27.733,1.0,0.0,0.0,0.0,0.0
00:02:32.546,1705373735448,0.0,0.0,203.764,140.097,764.605,31.584,30.839,1,0,0,0,0.0,217.745,137.483,623.838,28.708,27.682,1.0,0.0,0.0,0.0,0.0
00:02:32.563,1705373735465,0.0,0.0,203.811,140.159,768.604,31.68,30.906,1,0,0,0,0.0,217.715,137.5,625.076,28.856,27.595,1.0,0.0,0.0,0.0,0.0
00:02:32.579,1705373735481,0.0,0.0,203.861,140.155,771.523,31.768,30.938,1,0,0,0,0.0,217.729,137.548,630.896,28.835,27.872,1.0,0.0,0.0,0.0,0.0
00:02:32.596,1705373735498,0.0,0.0,203.885,140.132,778.52,31.937,31.053,1,0,0,0,0.0,217.773,137.533,627.2,28.826,27.717,1.0,0.0,0.0,0.0,0.0
00:02:32.613,1705373735515,0.0,0.0,203.864,140.309,786.813,32.012,31.311,1,0,0,0,0.0,217.944,137.65,628.832,28.852,27.765,1.0,0.0,0.0,0.0,0.0
00:02:32.629,1705373735531,0.0,0.0,203.771,140.246,776.291,31.918,30.983,1,0,0,0,0.0,217.896,137.636,638.895,29.065,28.002,1.0,0.0,0.0,0.0,0.0
00:02:32.646,1705373735548,0.0,0.0,203.846,140.316,786.223,31.961,31.337,1,0,0,0,0.0,217.875,137.579,643.962,29.152,28.14,1.0,0.0,0.0,0.0,0.0
00:02:32.663,1705373735565,0.0,0.0,203.87,140.198,781.52,31.998,31.114,1,0,0,0,0.0,217.776,137.564,641.773,29.098,28.097,1.0,0.0,0.0,0.0,0.0
00:02:32.679,1705373735581,0.0,0.0,203.759,140.231,775.779,32.023,30.861,1,0,0,0,0.0,217.855,137.544,646.335,29.219,28.179,1.0,0.0,0.0,0.0,0.0
00:02:32.696,1705373735598,0.0,0.0,203.745,140.278,797.074,32.176,31.558,1,0,0,0,0.0,218.007,137.774,637.526,29.184,27.828,1.0,0.0,0.0,0.0,0.0
00:02:32.713,1705373735615,0.0,0.0,203.832,140.287,796.228,32.162,31.537,1,0,0,0,0.0,218.003,137.639,642.645,29.14,28.093,1.0,0.0,0.0,0.0,0.0
00:02:32.729,1705373735631,0.0,0.0,203.966,140.332,794.737,32.106,31.533,1,0,0,0,0.0,218.055,137.767,646.213,29.2,28.192,1.0,0.0,0.0,0.0,0.0
00:02:32.746,1705373735648,0.0,0.0,203.778,140.42,791.886,32.055,31.47,1,0,0,0,0.0,218.013,137.672,650.815,29.407,28.193,1.0,0.0,0.0,0.0,0.0
00:02:32.763,1705373735665,0.0,0.0,203.859,140.441,793.186,32.208,31.372,1,0,0,0,0.0,218.026,137.717,653.139,29.391,28.309,1.0,0.0,0.0,0.0,0.0
00:02:32.779,1705373735681,0.0,0.0,203.852,140.519,786.702,31.957,31.36,1,0,0,0,0.0,218.175,137.815,646.79,29.303,28.118,1.0,0.0,0.0,0.0,0.0
00:02:32.796,1705373735698,0.0,0.0,203.981,140.54,794.161,32.14,31.477,1,0,0,0,0.0,218.188,137.841,644.56,29.227,28.093,1.0,0.0,0.0,0.0,0.0
00:02:32.813,1705373735715,0.0,0.0,203.986,140.545,784.082,32.031,31.183,1,0,0,0,0.0,218.156,137.847,647.873,29.312,28.157,1.0,0.0,0.0,0.0,0.0
00:02:32.829,1705373735731,0.0,0.0,204.02,140.55,782.066,31.926,31.205,1,0,0,0,0.0,218.157,137.84,648.08,29.334,28.144,1.0,0.0,0.0,0.0,0.0
00:02:32.846,1705373735748,0.0,0.0,204.006,140.507,782.633,32.004,31.152,1,0,0,0,0.0,218.109,137.835,649.857,29.219,28.333,1.0,0.0,0.0,0.0,0.0
00:02:32.863,1705373735765,0.0,0.0,204.03,140.557,782.355,32.031,31.114,1,0,0,0,0.0,218.265,138.011,642.016,29.188,28.02,1.0,0.0,0.0,0.0,0.0
00:02:32.879,1705373735781,0.0,0.0,204.125,140.676,768.352,31.621,30.954,1,0,0,0,0.0,218.257,137.908,646.688,29.28,28.135,1.0,0.0,0.0,0.0,0.0
00:02:32.896,1705373735798,0.0,0.0,204.142,140.56,780.745,31.842,31.235,1,0,0,0,0.0,218.293,137.957,647.52,29.171,28.277,1.0,0.0,0.0,0.0,0.0
00:02:32.913,1705373735815,0.0,0.0,204.109,140.583,773.499,31.777,31.008,1,0,0,0,0.0,218.351,137.922,641.844,29.078,28.118,1.0,0.0,0.0,0.0,0.0
00:02:32.929,1705373735831,0.0,0.0,204.15,140.635,773.325,31.862,30.918,1,0,0,0,0.0,218.354,137.915,646.073,29.164,28.22,1.0,0.0,0.0,0.0,0.0
00:02:32.946,1705373735848,0.0,0.0,204.079,140.604,769.77,31.664,30.969,1,0,0,0,0.0,218.373,137.887,641.283,29.114,28.06,1.0,0.0,0.0,0.0,0.0
00:02:32.963,1705373735865,0.0,0.0,204.156,140.625,768.526,31.695,30.888,1,0,0,0,0.0,218.275,137.844,646.359,29.343,28.061,1.0,0.0,0.0,0.0,0.0
00:02:32.979,1705373735881,0.0,0.0,204.164,140.522,769.482,31.671,30.95,1,0,0,0,0.0,218.448,137.835,640.284,29.097,28.032,1.0,0.0,0.0,0.0,0.0
00:02:32.996,1705373735898,0.0,0.0,204.231,140.541,767.914,31.601,30.956,1,0,0,0,0.0,218.307,137.843,639.297,29.174,27.915,1.0,0.0,0.0,0.0,0.0
00:02:33.013,1705373735915,0.0,0.0,204.114,140.545,763.966,31.509,30.886,1,0,0,0,0.0,218.407,137.819,641.455,29.076,28.104,1.0,0.0,0.0,0.0,0.0
00:02:33.029,1705373735931,0.0,0.0,204.139,140.436,765.471,31.654,30.806,1,0,0,0,0.0,218.386,137.858,641.677,29.192,28.002,1.0,0.0,0.0,0.0,0.0
00:02:33.046,1705373735948,0.0,0.0,204.19,140.544,761.497,31.374,30.919,1,0,0,0,0.0,218.32,137.722,631.806,28.935,27.816,1.0,0.0,0.0,0.0,0.0
00:02:33.063,1705373735965,0.0,0.0,204.275,140.43,755.232,31.483,30.559,1,0,0,0,0.0,218.431,137.824,637.525,28.992,28.012,1.0,0.0,0.0,0.0,0.0
00:02:33.079,1705373735981,0.0,0.0,204.228,140.516,762.257,31.487,30.839,1,0,0,0,0.0,218.62,137.903,624.79,28.902,27.538,1.0,0.0,0.0,0.0,0.0
00:02:33.096,1705373735998,0.0,0.0,204.142,140.414,750.326,31.361,30.479,1,0,0,0,0.0,218.471,137.665,631.413,28.991,27.744,1.0,0.0,0.0,0.0,0.0
00:02:33.113,1705373736015,0.0,0.0,204.342,140.544,755.401,31.249,30.795,1,0,0,0,0.0,218.522,137.765,632.372,28.821,27.951,1.0,0.0,0.0,0.0,0.0
00:02:33.129,1705373736031,0.0,0.0,204.396,139.746,743.162,31.14,30.402,1,0,0,0,0.0,218.478,137.769,636.405,29.012,27.943,1.0,0.0,0.0,0.0,0.0
00:02:33.146,1705373736048,0.0,0.0,204.469,138.726,745.997,31.198,30.461,1,0,0,0,0.0,218.595,136.77,617.622,28.794,27.324,1.0,0.0,0.0,0.0,0.0
00:02:33.163,1705373736065,0.0,0.0,204.487,138.712,738.08,31.026,30.305,1,0,0,0,0.0,218.099,136.258,629.503,28.999,27.653,1.0,0.0,0.0,0.0,0.0
00:02:33.179,1705373736081,0.0,0.0,204.385,138.786,738.364,31.021,30.321,1,0,0,0,0.0,218.532,136.334,620.125,28.826,27.405,1.0,0.0,0.0,0.0,0.0
00:02:33.196,1705373736098,0.0,0.0,204.403,138.722,733.665,30.897,30.249,1,0,0,0,0.0,218.383,136.355,627.326,28.971,27.584,1.0,0.0,0.0,0.0,0.0
00:02:33.213,1705373736115,0.0,0.0,204.332,138.754,739.141,30.979,30.394,1,0,0,0,0.0,218.352,136.297,626.429,28.712,27.793,1.0,0.0,0.0,0.0,0.0
00:02:33.229,1705373736131,0.0,0.0,204.185,138.549,726.289,31.002,29.843,1,0,0,0,0.0,218.377,136.376,625.622,28.794,27.678,1.0,0.0,0.0,0.0,0.0
00:02:33.246,1705373736148,0.0,0.0,204.287,138.763,738.115,31.045,30.288,1,0,0,0,0.0,218.422,136.137,617.239,28.645,27.449,1.0,0.0,0.0,0.0,0.0
00:02:33.263,1705373736165,0.0,0.0,204.314,138.692,725.032,30.823,29.965,1,0,0,0,0.0,218.711,136.079,606.627,28.839,26.796,1.0,0.0,0.0,0.0,0.0
00:02:33.279,1705373736181,0.0,0.0,204.239,138.742,739.534,31.021,30.369,1,0,0,0,0.0,218.536,136.19,615.8,28.655,27.376,1.0,0.0,0.0,0.0,0.0
00:02:33.296,1705373736198,0.0,0.0,204.269,138.74,731.542,30.837,30.22,1,0,0,0,0.0,218.512,136.254,618.773,28.83,27.341,1.0,0.0,0.0,0.0,0.0
00:02:33.313,1705373736215,0.0,0.0,204.151,138.667,729.887,30.942,30.049,1,0,0,0,0.0,218.55,136.306,625.945,28.593,27.887,1.0,0.0,0.0,0.0,0.0
00:02:33.329,1705373736231,0.0,0.0,204.194,138.701,734.422,30.917,30.261,1,0,0,0,0.0,218.539,136.023,610.482,29.07,26.753,1.0,0.0,0.0,0.0,0.0
00:02:33.346,1705373736248,0.0,0.0,204.085,138.701,732.767,30.962,30.148,1,0,0,0,0.0,218.666,136.236,608.857,28.546,27.17,1.0,0.0,0.0,0.0,0.0
00:02:33.363,1705373736265,0.0,0.0,204.024,138.605,728.208,30.926,29.996,1,0,0,0,0.0,218.225,136.303,628.917,29.234,27.405,1.0,0.0,0.0,0.0,0.0
00:02:33.379,1705373736281,0.0,0.0,203.998,138.678,727.823,30.976,29.932,1,0,0,0,0.0,218.464,136.265,619.984,28.556,27.658,1.0,0.0,0.0,0.0,0.0
00:02:33.396,1705373736298,0.0,0.0,203.959,138.527,728.085,31.172,29.754,1,0,0,0,0.0,218.485,135.912,605.78,28.76,26.832,1.0,0.0,0.0,0.0,0.0
00:02:33.413,1705373736315,0.0,0.0,204.028,138.666,729.393,30.905,30.065,1,0,0,0,0.0,218.344,136.211,622.8,28.727,27.617,1.0,0.0,0.0,0.0,0.0
00:02:33.429,1705373736331,0.0,0.0,203.725,138.736,734.23,31.121,30.055,1,0,0,0,0.0,218.283,136.214,625.685,29.011,27.474,1.0,0.0,0.0,0.0,0.0
00:02:33.446,1705373736348,0.0,0.0,203.525,138.607,740.039,31.253,30.164,1,0,0,0,0.0,218.193,136.162,620.648,28.884,27.373,1.0,0.0,0.0,0.0,0.0
00:02:33.463,1705373736365,0.0,0.0,203.281,138.419,736.704,31.13,30.147,1,0,0,0,0.0,217.694,136.129,620.874,28.648,27.608,1.0,0.0,0.0,0.0,0.0
00:02:33.479,1705373736381,0.0,0.0,203.138,138.437,730.032,30.983,30.015,1,0,0,0,0.0,217.692,135.815,605.586,28.565,27.007,1.0,0.0,0.0,0.0,0.0
00:02:33.496,1705373736398,0.0,0.0,203.082,138.348,725.419,30.971,29.838,1,0,0,0,0.0,217.51,135.985,611.932,28.489,27.363,1.0,0.0,0.0,0.0,0.0
